###########################################################################################
###########################################################################################
##                                                                                       ##
##  TAGUCHI ORTHOGONAL ARRAYS FOR 2, 3, 4, amd 5 DESIGN LEVELS                           ##
##      Hongbing Fang, 10-10-2003, CAVS, Mississippi State University                    ##
##                                                                                       ##
##      Disign Level    Array    Variables    Comments                                   ##
##      -------------------------------------------------------------                    ##
##            2          L4          3                                                   ##
##                       L8          7                                                   ##
##                       L12        11                                                   ##
##                       L16        15                                                   ##
##                       L32        31                                                   ##
##                                                                                       ##
##            3          L9          4                                                   ##
##                       L18         8                                                   ##
##                       L27        13                                                   ##
##                       L36        23                                                   ##
##                       L54        26                                                   ##
##                       L81        40                                                   ##
##                                                                                       ##
##            4          L16         5                                                   ##
##                       L32        10                                                   ##
##                       L64        21                                                   ##
##                                                                                       ##
##            5          L25         6                                                   ##
##                       L50        12                                                   ##
##                                                                                       ##
###########################################################################################
###########################################################################################


*2_LEVELS_L4

1	-1.0	-1.0	-1.0
2	-1.0	1.0	1.0
3	1.0	-1.0	1.0
4	1.0	1.0	-1.0

*2_LEVELS_L8

1	-1.0	-1.0	-1.0	-1.0	-1.0	-1.0	-1.0
2	-1.0	-1.0	-1.0	1.0	1.0	1.0	1.0
3	-1.0	1.0	1.0	-1.0	-1.0	1.0	1.0
4	-1.0	1.0	1.0	1.0	1.0	-1.0	-1.0
5	1.0	-1.0	1.0	-1.0	1.0	-1.0	1.0
6	1.0	-1.0	1.0	1.0	-1.0	1.0	-1.0
7	1.0	1.0	-1.0	-1.0	1.0	1.0	-1.0
8	1.0	1.0	-1.0	1.0	-1.0	-1.0	1.0

*2_LEVELS_L12

1	-1.0	-1.0	-1.0	-1.0	-1.0	-1.0	-1.0	-1.0	-1.0	-1.0	-1.0
2	-1.0	-1.0	-1.0	-1.0	-1.0	1.0	1.0	1.0	1.0	1.0	1.0
3	-1.0	-1.0	1.0	1.0	1.0	-1.0	-1.0	-1.0	1.0	1.0	1.0
4	-1.0	1.0	-1.0	1.0	1.0	-1.0	1.0	1.0	-1.0	-1.0	1.0
5	-1.0	1.0	1.0	-1.0	1.0	1.0	-1.0	1.0	-1.0	1.0	-1.0
6	-1.0	1.0	1.0	1.0	-1.0	1.0	1.0	-1.0	1.0	-1.0	-1.0
7	1.0	-1.0	1.0	1.0	-1.0	-1.0	1.0	1.0	-1.0	1.0	-1.0
8	1.0	-1.0	1.0	-1.0	1.0	1.0	1.0	-1.0	-1.0	-1.0	1.0
9	1.0	-1.0	-1.0	1.0	1.0	1.0	-1.0	1.0	1.0	-1.0	-1.0
10	1.0	1.0	1.0	-1.0	-1.0	-1.0	-1.0	1.0	1.0	-1.0	1.0
11	1.0	1.0	-1.0	1.0	-1.0	1.0	-1.0	-1.0	-1.0	1.0	1.0
12	1.0	1.0	-1.0	-1.0	1.0	-1.0	1.0	-1.0	1.0	1.0	-1.0

*2_LEVELS_L16

1	-1.0	-1.0	-1.0	-1.0	-1.0	-1.0	-1.0	-1.0	-1.0	-1.0	-1.0	-1.0	-1.0	-1.0	-1.0
2	-1.0	-1.0	-1.0	-1.0	-1.0	-1.0	-1.0	1.0	1.0	1.0	1.0	1.0	1.0	1.0	1.0
3	-1.0	-1.0	-1.0	1.0	1.0	1.0	1.0	-1.0	-1.0	-1.0	-1.0	1.0	1.0	1.0	1.0
4	-1.0	-1.0	-1.0	1.0	1.0	1.0	1.0	1.0	1.0	1.0	1.0	-1.0	-1.0	-1.0	-1.0
5	-1.0	1.0	1.0	-1.0	-1.0	1.0	1.0	-1.0	-1.0	1.0	1.0	-1.0	-1.0	1.0	1.0
6	-1.0	1.0	1.0	-1.0	-1.0	1.0	1.0	1.0	1.0	-1.0	-1.0	1.0	1.0	-1.0	-1.0
7	-1.0	1.0	1.0	1.0	1.0	-1.0	-1.0	-1.0	-1.0	1.0	1.0	1.0	1.0	-1.0	-1.0
8	-1.0	1.0	1.0	1.0	1.0	-1.0	-1.0	1.0	1.0	-1.0	-1.0	-1.0	-1.0	1.0	1.0
9	1.0	-1.0	1.0	-1.0	1.0	-1.0	1.0	-1.0	1.0	-1.0	1.0	-1.0	1.0	-1.0	1.0
10	1.0	-1.0	1.0	-1.0	1.0	-1.0	1.0	1.0	-1.0	1.0	-1.0	1.0	-1.0	1.0	-1.0
11	1.0	-1.0	1.0	1.0	-1.0	1.0	-1.0	-1.0	1.0	-1.0	1.0	1.0	-1.0	1.0	-1.0
12	1.0	-1.0	1.0	1.0	-1.0	1.0	-1.0	1.0	-1.0	1.0	-1.0	-1.0	1.0	-1.0	1.0
13	1.0	1.0	-1.0	-1.0	1.0	1.0	-1.0	-1.0	1.0	1.0	-1.0	-1.0	1.0	1.0	-1.0
14	1.0	1.0	-1.0	-1.0	1.0	1.0	-1.0	1.0	-1.0	-1.0	1.0	1.0	-1.0	-1.0	1.0
15	1.0	1.0	-1.0	1.0	-1.0	-1.0	1.0	-1.0	1.0	1.0	-1.0	1.0	-1.0	-1.0	1.0
16	1.0	1.0	-1.0	1.0	-1.0	-1.0	1.0	1.0	-1.0	-1.0	1.0	-1.0	1.0	1.0	-1.0

*2_LEVELS_L32

1	-1.0	-1.0	-1.0	-1.0	-1.0	-1.0	-1.0	-1.0	-1.0	-1.0	-1.0	-1.0	-1.0	-1.0	-1.0	-1.0	-1.0	-1.0	-1.0	-1.0	-1.0	-1.0	-1.0	-1.0	-1.0	-1.0	-1.0	-1.0	-1.0	-1.0	-1.0
2	-1.0	-1.0	-1.0	-1.0	-1.0	-1.0	-1.0	-1.0	-1.0	-1.0	-1.0	-1.0	-1.0	-1.0	-1.0	1.0	1.0	1.0	1.0	1.0	1.0	1.0	1.0	1.0	1.0	1.0	1.0	1.0	1.0	1.0	1.0
3	-1.0	-1.0	-1.0	-1.0	-1.0	-1.0	-1.0	1.0	1.0	1.0	1.0	1.0	1.0	1.0	1.0	-1.0	-1.0	-1.0	-1.0	-1.0	-1.0	-1.0	-1.0	1.0	1.0	1.0	1.0	1.0	1.0	1.0	1.0
4	-1.0	-1.0	-1.0	-1.0	-1.0	-1.0	-1.0	1.0	1.0	1.0	1.0	1.0	1.0	1.0	1.0	1.0	1.0	1.0	1.0	1.0	1.0	1.0	1.0	-1.0	-1.0	-1.0	-1.0	-1.0	-1.0	-1.0	-1.0
5	-1.0	-1.0	-1.0	1.0	1.0	1.0	1.0	-1.0	-1.0	-1.0	-1.0	1.0	1.0	1.0	1.0	-1.0	-1.0	-1.0	-1.0	1.0	1.0	1.0	1.0	-1.0	-1.0	-1.0	-1.0	1.0	1.0	1.0	1.0
6	-1.0	-1.0	-1.0	1.0	1.0	1.0	1.0	-1.0	-1.0	-1.0	-1.0	1.0	1.0	1.0	1.0	1.0	1.0	1.0	1.0	-1.0	-1.0	-1.0	-1.0	1.0	1.0	1.0	1.0	-1.0	-1.0	-1.0	-1.0
7	-1.0	-1.0	-1.0	1.0	1.0	1.0	1.0	1.0	1.0	1.0	1.0	-1.0	-1.0	-1.0	-1.0	-1.0	-1.0	-1.0	-1.0	1.0	1.0	1.0	1.0	1.0	1.0	1.0	1.0	-1.0	-1.0	-1.0	-1.0
8	-1.0	-1.0	-1.0	1.0	1.0	1.0	1.0	1.0	1.0	1.0	1.0	-1.0	-1.0	-1.0	-1.0	1.0	1.0	1.0	1.0	-1.0	-1.0	-1.0	-1.0	-1.0	-1.0	-1.0	-1.0	1.0	1.0	1.0	1.0
9	-1.0	1.0	1.0	-1.0	-1.0	1.0	1.0	-1.0	-1.0	1.0	1.0	-1.0	-1.0	1.0	1.0	-1.0	-1.0	1.0	1.0	-1.0	-1.0	1.0	1.0	-1.0	-1.0	1.0	1.0	-1.0	-1.0	1.0	1.0
10	-1.0	1.0	1.0	-1.0	-1.0	1.0	1.0	-1.0	-1.0	1.0	1.0	-1.0	-1.0	1.0	1.0	1.0	1.0	-1.0	-1.0	1.0	1.0	-1.0	-1.0	1.0	1.0	-1.0	-1.0	1.0	1.0	-1.0	-1.0
11	-1.0	1.0	1.0	-1.0	-1.0	1.0	1.0	1.0	1.0	-1.0	-1.0	1.0	1.0	-1.0	-1.0	-1.0	-1.0	1.0	1.0	-1.0	-1.0	1.0	1.0	1.0	1.0	-1.0	-1.0	1.0	1.0	-1.0	-1.0
12	-1.0	1.0	1.0	-1.0	-1.0	1.0	1.0	1.0	1.0	-1.0	-1.0	1.0	1.0	-1.0	-1.0	1.0	1.0	-1.0	-1.0	1.0	1.0	-1.0	-1.0	-1.0	-1.0	1.0	1.0	-1.0	-1.0	1.0	1.0
13	-1.0	1.0	1.0	1.0	1.0	-1.0	-1.0	-1.0	-1.0	1.0	1.0	1.0	1.0	-1.0	-1.0	-1.0	-1.0	1.0	1.0	1.0	1.0	-1.0	-1.0	-1.0	-1.0	1.0	1.0	1.0	1.0	-1.0	-1.0
14	-1.0	1.0	1.0	1.0	1.0	-1.0	-1.0	-1.0	-1.0	1.0	1.0	1.0	1.0	-1.0	-1.0	1.0	1.0	-1.0	-1.0	-1.0	-1.0	1.0	1.0	1.0	1.0	-1.0	-1.0	-1.0	-1.0	1.0	1.0
15	-1.0	1.0	1.0	1.0	1.0	-1.0	-1.0	1.0	1.0	-1.0	-1.0	-1.0	-1.0	1.0	1.0	-1.0	-1.0	1.0	1.0	1.0	1.0	-1.0	-1.0	1.0	1.0	-1.0	-1.0	-1.0	-1.0	1.0	1.0
16	-1.0	1.0	1.0	1.0	1.0	-1.0	-1.0	1.0	1.0	-1.0	-1.0	-1.0	-1.0	1.0	1.0	1.0	1.0	-1.0	-1.0	-1.0	-1.0	1.0	1.0	-1.0	-1.0	1.0	1.0	1.0	1.0	-1.0	-1.0
17	1.0	-1.0	1.0	-1.0	1.0	-1.0	1.0	-1.0	1.0	-1.0	1.0	-1.0	1.0	-1.0	1.0	-1.0	1.0	-1.0	1.0	-1.0	1.0	-1.0	1.0	-1.0	1.0	-1.0	1.0	-1.0	1.0	-1.0	1.0
18	1.0	-1.0	1.0	-1.0	1.0	-1.0	1.0	-1.0	1.0	-1.0	1.0	-1.0	1.0	-1.0	1.0	1.0	-1.0	1.0	-1.0	1.0	-1.0	1.0	-1.0	1.0	-1.0	1.0	-1.0	1.0	-1.0	1.0	-1.0
19	1.0	-1.0	1.0	-1.0	1.0	-1.0	1.0	1.0	-1.0	1.0	-1.0	1.0	-1.0	1.0	-1.0	-1.0	1.0	-1.0	1.0	-1.0	1.0	-1.0	1.0	1.0	-1.0	1.0	-1.0	1.0	-1.0	1.0	-1.0
20	1.0	-1.0	1.0	-1.0	1.0	-1.0	1.0	1.0	-1.0	1.0	-1.0	1.0	-1.0	1.0	-1.0	1.0	-1.0	1.0	-1.0	1.0	-1.0	1.0	-1.0	-1.0	1.0	-1.0	1.0	-1.0	1.0	-1.0	1.0
21	1.0	-1.0	1.0	1.0	-1.0	1.0	-1.0	-1.0	1.0	-1.0	1.0	1.0	-1.0	1.0	-1.0	-1.0	1.0	-1.0	1.0	1.0	-1.0	1.0	-1.0	-1.0	1.0	-1.0	1.0	1.0	-1.0	1.0	-1.0
22	1.0	-1.0	1.0	1.0	-1.0	1.0	-1.0	-1.0	1.0	-1.0	1.0	1.0	-1.0	1.0	-1.0	1.0	-1.0	1.0	-1.0	-1.0	1.0	-1.0	1.0	1.0	-1.0	1.0	-1.0	-1.0	1.0	-1.0	1.0
23	1.0	-1.0	1.0	1.0	-1.0	1.0	-1.0	1.0	-1.0	1.0	-1.0	-1.0	1.0	-1.0	1.0	-1.0	1.0	-1.0	1.0	1.0	-1.0	1.0	-1.0	1.0	-1.0	1.0	-1.0	-1.0	1.0	-1.0	1.0
24	1.0	-1.0	1.0	1.0	-1.0	1.0	-1.0	1.0	-1.0	1.0	-1.0	-1.0	1.0	-1.0	1.0	1.0	-1.0	1.0	-1.0	-1.0	1.0	-1.0	1.0	-1.0	1.0	-1.0	1.0	1.0	-1.0	1.0	-1.0
25	1.0	1.0	-1.0	-1.0	1.0	1.0	-1.0	-1.0	1.0	1.0	-1.0	-1.0	1.0	1.0	-1.0	-1.0	1.0	1.0	-1.0	-1.0	1.0	1.0	-1.0	-1.0	1.0	1.0	-1.0	-1.0	1.0	1.0	-1.0
26	1.0	1.0	-1.0	-1.0	1.0	1.0	-1.0	-1.0	1.0	1.0	-1.0	-1.0	1.0	1.0	-1.0	1.0	-1.0	-1.0	1.0	1.0	-1.0	-1.0	1.0	1.0	-1.0	-1.0	1.0	1.0	-1.0	-1.0	1.0
27	1.0	1.0	-1.0	-1.0	1.0	1.0	-1.0	1.0	-1.0	-1.0	1.0	1.0	-1.0	-1.0	1.0	-1.0	1.0	1.0	-1.0	-1.0	1.0	1.0	-1.0	1.0	-1.0	-1.0	1.0	1.0	-1.0	-1.0	1.0
28	1.0	1.0	-1.0	-1.0	1.0	1.0	-1.0	1.0	-1.0	-1.0	1.0	1.0	-1.0	-1.0	1.0	1.0	-1.0	-1.0	1.0	1.0	-1.0	-1.0	1.0	-1.0	1.0	1.0	-1.0	-1.0	1.0	1.0	-1.0
29	1.0	1.0	-1.0	1.0	-1.0	-1.0	1.0	-1.0	1.0	1.0	-1.0	1.0	-1.0	-1.0	1.0	-1.0	1.0	1.0	-1.0	1.0	-1.0	-1.0	1.0	-1.0	1.0	1.0	-1.0	1.0	-1.0	-1.0	1.0
30	1.0	1.0	-1.0	1.0	-1.0	-1.0	1.0	-1.0	1.0	1.0	-1.0	1.0	-1.0	-1.0	1.0	1.0	-1.0	-1.0	1.0	-1.0	1.0	1.0	-1.0	1.0	-1.0	-1.0	1.0	-1.0	1.0	1.0	-1.0
31	1.0	1.0	-1.0	1.0	-1.0	-1.0	1.0	1.0	-1.0	-1.0	1.0	-1.0	1.0	1.0	-1.0	-1.0	1.0	1.0	-1.0	1.0	-1.0	-1.0	1.0	1.0	-1.0	-1.0	1.0	-1.0	1.0	1.0	-1.0
32	1.0	1.0	-1.0	1.0	-1.0	-1.0	1.0	1.0	-1.0	-1.0	1.0	-1.0	1.0	1.0	-1.0	1.0	-1.0	-1.0	1.0	-1.0	1.0	1.0	-1.0	-1.0	1.0	1.0	-1.0	1.0	-1.0	-1.0	1.0




*3_LEVELS_L9

1	-1.0	-1.0	-1.0	-1.0
2	-1.0	0.0	0.0	0.0
3	-1.0	1.0	1.0	1.0
4	0.0	-1.0	0.0	1.0
5	0.0	0.0	1.0	-1.0
6	0.0	1.0	-1.0	0.0
7	1.0	-1.0	1.0	0.0
8	1.0	0.0	-1.0	1.0
9	1.0	1.0	0.0	-1.0

*3_LEVELS_L18

1	-1.0	-1.0	-1.0	-1.0	-1.0	-1.0	-1.0	-1.0
2	-1.0	-1.0	0.0	0.0	0.0	0.0	0.0	0.0
3	-1.0	-1.0	1.0	1.0	1.0	1.0	1.0	1.0
4	-1.0	0.0	-1.0	-1.0	0.0	0.0	1.0	1.0
5	-1.0	0.0	0.0	0.0	1.0	1.0	-1.0	-1.0
6	-1.0	0.0	1.0	1.0	-1.0	-1.0	0.0	0.0
7	-1.0	1.0	-1.0	0.0	-1.0	1.0	0.0	1.0
8	-1.0	1.0	0.0	1.0	0.0	-1.0	1.0	-1.0
9	-1.0	1.0	1.0	-1.0	1.0	0.0	-1.0	0.0
10	1.0	-1.0	-1.0	1.0	1.0	0.0	0.0	-1.0
11	1.0	-1.0	0.0	-1.0	-1.0	1.0	1.0	0.0
12	1.0	-1.0	1.0	0.0	0.0	-1.0	-1.0	1.0
13	1.0	0.0	-1.0	0.0	1.0	-1.0	1.0	0.0
14	1.0	0.0	0.0	1.0	-1.0	0.0	-1.0	1.0
15	1.0	0.0	1.0	-1.0	0.0	1.0	0.0	-1.0
16	1.0	1.0	-1.0	1.0	0.0	1.0	-1.0	0.0
17	1.0	1.0	0.0	-1.0	1.0	-1.0	0.0	1.0
18	1.0	1.0	1.0	0.0	-1.0	0.0	1.0	-1.0

*3_LEVELS_L27

1	-1.0	-1.0	-1.0	-1.0	-1.0	-1.0	-1.0	-1.0	-1.0	-1.0	-1.0	-1.0	-1.0
2	-1.0	-1.0	-1.0	-1.0	0.0	0.0	0.0	0.0	0.0	0.0	0.0	0.0	0.0
3	-1.0	-1.0	-1.0	-1.0	1.0	1.0	1.0	1.0	1.0	1.0	1.0	1.0	1.0
4	-1.0	0.0	0.0	0.0	-1.0	-1.0	-1.0	0.0	0.0	0.0	1.0	1.0	1.0
5	-1.0	0.0	0.0	0.0	0.0	0.0	0.0	1.0	1.0	1.0	-1.0	-1.0	-1.0
6	-1.0	0.0	0.0	0.0	1.0	1.0	1.0	-1.0	-1.0	-1.0	0.0	0.0	0.0
7	-1.0	1.0	1.0	1.0	-1.0	-1.0	-1.0	1.0	1.0	1.0	0.0	0.0	0.0
8	-1.0	1.0	1.0	1.0	0.0	0.0	0.0	-1.0	-1.0	-1.0	1.0	1.0	1.0
9	-1.0	1.0	1.0	1.0	1.0	1.0	1.0	0.0	0.0	0.0	-1.0	-1.0	-1.0
10	0.0	-1.0	0.0	1.0	-1.0	0.0	1.0	-1.0	0.0	1.0	-1.0	0.0	1.0
11	0.0	-1.0	0.0	1.0	0.0	1.0	-1.0	0.0	1.0	-1.0	0.0	1.0	-1.0
12	0.0	-1.0	0.0	1.0	1.0	-1.0	0.0	1.0	-1.0	0.0	1.0	-1.0	0.0
13	0.0	0.0	1.0	-1.0	-1.0	0.0	1.0	0.0	1.0	-1.0	1.0	-1.0	0.0
14	0.0	0.0	1.0	-1.0	0.0	1.0	-1.0	1.0	-1.0	0.0	-1.0	0.0	1.0
15	0.0	0.0	1.0	-1.0	1.0	-1.0	0.0	-1.0	0.0	1.0	0.0	1.0	-1.0
16	0.0	1.0	-1.0	0.0	-1.0	0.0	1.0	1.0	-1.0	0.0	0.0	1.0	-1.0
17	0.0	1.0	-1.0	0.0	0.0	1.0	-1.0	-1.0	0.0	1.0	1.0	-1.0	0.0
18	0.0	1.0	-1.0	0.0	1.0	-1.0	0.0	0.0	1.0	-1.0	-1.0	0.0	1.0
19	1.0	-1.0	1.0	0.0	-1.0	1.0	0.0	-1.0	1.0	0.0	-1.0	1.0	0.0
20	1.0	-1.0	1.0	0.0	0.0	-1.0	1.0	0.0	-1.0	1.0	0.0	-1.0	1.0
21	1.0	-1.0	1.0	0.0	1.0	0.0	-1.0	1.0	0.0	-1.0	1.0	0.0	-1.0
22	1.0	0.0	-1.0	1.0	-1.0	1.0	0.0	0.0	-1.0	1.0	1.0	0.0	-1.0
23	1.0	0.0	-1.0	1.0	0.0	-1.0	1.0	1.0	0.0	-1.0	-1.0	1.0	0.0
24	1.0	0.0	-1.0	1.0	1.0	0.0	-1.0	-1.0	1.0	0.0	0.0	-1.0	1.0
25	1.0	1.0	0.0	-1.0	-1.0	1.0	0.0	1.0	0.0	-1.0	0.0	-1.0	1.0
26	1.0	1.0	0.0	-1.0	0.0	-1.0	1.0	-1.0	1.0	0.0	1.0	0.0	-1.0
27	1.0	1.0	0.0	-1.0	1.0	0.0	-1.0	0.0	-1.0	1.0	-1.0	1.0	0.0

*3_LEVELS_L36

1	-1.0	-1.0	-1.0	-1.0	-1.0	-1.0	-1.0	-1.0	-1.0	-1.0	-1.0	-1.0	-1.0	-1.0	-1.0	-1.0	-1.0	-1.0	-1.0	-1.0	-1.0	-1.0	-1.0
2	-1.0	-1.0	-1.0	-1.0	-1.0	-1.0	-1.0	-1.0	-1.0	-1.0	-1.0	0.0	0.0	0.0	0.0	0.0	0.0	0.0	0.0	0.0	0.0	0.0	0.0
3	-1.0	-1.0	-1.0	-1.0	-1.0	-1.0	-1.0	-1.0	-1.0	-1.0	-1.0	1.0	1.0	1.0	1.0	1.0	1.0	1.0	1.0	1.0	1.0	1.0	1.0
4	-1.0	-1.0	-1.0	-1.0	-1.0	1.0	1.0	1.0	1.0	1.0	1.0	-1.0	-1.0	-1.0	-1.0	0.0	0.0	0.0	0.0	1.0	1.0	1.0	1.0
5	-1.0	-1.0	-1.0	-1.0	-1.0	1.0	1.0	1.0	1.0	1.0	1.0	0.0	0.0	0.0	0.0	1.0	1.0	1.0	1.0	-1.0	-1.0	-1.0	-1.0
6	-1.0	-1.0	-1.0	-1.0	-1.0	1.0	1.0	1.0	1.0	1.0	1.0	1.0	1.0	1.0	1.0	-1.0	-1.0	-1.0	-1.0	0.0	0.0	0.0	0.0
7	-1.0	-1.0	1.0	1.0	1.0	-1.0	-1.0	-1.0	1.0	1.0	1.0	-1.0	-1.0	0.0	1.0	-1.0	0.0	1.0	1.0	-1.0	0.0	0.0	1.0
8	-1.0	-1.0	1.0	1.0	1.0	-1.0	-1.0	-1.0	1.0	1.0	1.0	0.0	0.0	1.0	-1.0	0.0	1.0	-1.0	-1.0	0.0	1.0	1.0	-1.0
9	-1.0	-1.0	1.0	1.0	1.0	-1.0	-1.0	-1.0	1.0	1.0	1.0	1.0	1.0	-1.0	0.0	1.0	-1.0	0.0	0.0	1.0	-1.0	-1.0	0.0
10	-1.0	1.0	-1.0	1.0	1.0	-1.0	1.0	1.0	-1.0	-1.0	1.0	-1.0	-1.0	1.0	0.0	-1.0	1.0	0.0	1.0	0.0	-1.0	1.0	0.0
11	-1.0	1.0	-1.0	1.0	1.0	-1.0	1.0	1.0	-1.0	-1.0	1.0	0.0	0.0	-1.0	1.0	0.0	-1.0	1.0	-1.0	1.0	0.0	-1.0	1.0
12	-1.0	1.0	-1.0	1.0	1.0	-1.0	1.0	1.0	-1.0	-1.0	1.0	1.0	1.0	0.0	-1.0	1.0	0.0	-1.0	0.0	-1.0	1.0	0.0	-1.0
13	-1.0	1.0	1.0	-1.0	1.0	1.0	-1.0	1.0	-1.0	1.0	-1.0	-1.0	0.0	1.0	-1.0	1.0	0.0	-1.0	1.0	1.0	0.0	-1.0	0.0
14	-1.0	1.0	1.0	-1.0	1.0	1.0	-1.0	1.0	-1.0	1.0	-1.0	0.0	1.0	-1.0	0.0	-1.0	1.0	0.0	-1.0	-1.0	1.0	0.0	1.0
15	-1.0	1.0	1.0	-1.0	1.0	1.0	-1.0	1.0	-1.0	1.0	-1.0	1.0	-1.0	0.0	1.0	0.0	-1.0	1.0	0.0	0.0	-1.0	1.0	-1.0
16	-1.0	1.0	1.0	1.0	-1.0	1.0	1.0	-1.0	1.0	-1.0	-1.0	-1.0	0.0	1.0	0.0	-1.0	-1.0	1.0	0.0	1.0	1.0	0.0	-1.0
17	-1.0	1.0	1.0	1.0	-1.0	1.0	1.0	-1.0	1.0	-1.0	-1.0	0.0	1.0	-1.0	1.0	0.0	0.0	-1.0	1.0	-1.0	-1.0	1.0	0.0
18	-1.0	1.0	1.0	1.0	-1.0	1.0	1.0	-1.0	1.0	-1.0	-1.0	1.0	-1.0	0.0	-1.0	1.0	1.0	0.0	-1.0	0.0	0.0	-1.0	1.0
19	1.0	-1.0	1.0	1.0	-1.0	-1.0	1.0	1.0	-1.0	1.0	-1.0	-1.0	0.0	-1.0	1.0	1.0	1.0	-1.0	0.0	0.0	-1.0	0.0	1.0
20	1.0	-1.0	1.0	1.0	-1.0	-1.0	1.0	1.0	-1.0	1.0	-1.0	0.0	1.0	0.0	-1.0	-1.0	-1.0	0.0	1.0	1.0	0.0	1.0	-1.0
21	1.0	-1.0	1.0	1.0	-1.0	-1.0	1.0	1.0	-1.0	1.0	-1.0	1.0	-1.0	1.0	0.0	0.0	0.0	1.0	-1.0	-1.0	1.0	-1.0	0.0
22	1.0	-1.0	1.0	-1.0	1.0	1.0	1.0	-1.0	-1.0	-1.0	1.0	-1.0	0.0	0.0	1.0	1.0	-1.0	0.0	-1.0	-1.0	1.0	1.0	0.0
23	1.0	-1.0	1.0	-1.0	1.0	1.0	1.0	-1.0	-1.0	-1.0	1.0	0.0	1.0	1.0	-1.0	-1.0	0.0	1.0	0.0	0.0	-1.0	-1.0	1.0
24	1.0	-1.0	1.0	-1.0	1.0	1.0	1.0	-1.0	-1.0	-1.0	1.0	1.0	-1.0	-1.0	0.0	0.0	1.0	-1.0	1.0	1.0	0.0	0.0	-1.0
25	1.0	-1.0	-1.0	1.0	1.0	1.0	-1.0	1.0	1.0	-1.0	-1.0	-1.0	1.0	0.0	-1.0	0.0	1.0	1.0	-1.0	1.0	-1.0	0.0	0.0
26	1.0	-1.0	-1.0	1.0	1.0	1.0	-1.0	1.0	1.0	-1.0	-1.0	0.0	-1.0	1.0	0.0	1.0	-1.0	-1.0	0.0	-1.0	0.0	1.0	1.0
27	1.0	-1.0	-1.0	1.0	1.0	1.0	-1.0	1.0	1.0	-1.0	-1.0	1.0	0.0	-1.0	1.0	-1.0	0.0	0.0	1.0	0.0	1.0	-1.0	-1.0
28	1.0	1.0	1.0	-1.0	-1.0	-1.0	-1.0	1.0	1.0	-1.0	1.0	-1.0	1.0	0.0	0.0	0.0	-1.0	-1.0	1.0	0.0	1.0	-1.0	1.0
29	1.0	1.0	1.0	-1.0	-1.0	-1.0	-1.0	1.0	1.0	-1.0	1.0	0.0	-1.0	1.0	1.0	1.0	0.0	0.0	-1.0	1.0	-1.0	0.0	-1.0
30	1.0	1.0	1.0	-1.0	-1.0	-1.0	-1.0	1.0	1.0	-1.0	1.0	1.0	0.0	-1.0	-1.0	-1.0	1.0	1.0	0.0	-1.0	0.0	1.0	0.0
31	1.0	1.0	-1.0	1.0	-1.0	1.0	-1.0	-1.0	-1.0	1.0	1.0	-1.0	1.0	1.0	1.0	0.0	1.0	0.0	0.0	-1.0	0.0	-1.0	-1.0
32	1.0	1.0	-1.0	1.0	-1.0	1.0	-1.0	-1.0	-1.0	1.0	1.0	0.0	-1.0	-1.0	-1.0	1.0	-1.0	1.0	1.0	0.0	1.0	0.0	0.0
33	1.0	1.0	-1.0	1.0	-1.0	1.0	-1.0	-1.0	-1.0	1.0	1.0	1.0	0.0	0.0	0.0	-1.0	0.0	-1.0	-1.0	1.0	-1.0	1.0	1.0
34	1.0	1.0	-1.0	-1.0	1.0	-1.0	1.0	-1.0	1.0	1.0	-1.0	-1.0	1.0	-1.0	0.0	1.0	0.0	1.0	-1.0	0.0	0.0	1.0	-1.0
35	1.0	1.0	-1.0	-1.0	1.0	-1.0	1.0	-1.0	1.0	1.0	-1.0	0.0	-1.0	0.0	1.0	-1.0	1.0	-1.0	0.0	1.0	1.0	-1.0	0.0
36	1.0	1.0	-1.0	-1.0	1.0	-1.0	1.0	-1.0	1.0	1.0	-1.0	1.0	0.0	1.0	-1.0	0.0	-1.0	0.0	1.0	-1.0	-1.0	0.0	1.0

*3_LEVELS_L54

1	-1.0	-1.0	-1.0	-1.0	-1.0	-1.0	-1.0	-1.0	-1.0	-1.0	-1.0	-1.0	-1.0	-1.0	-1.0	-1.0	-1.0	-1.0	-1.0	-1.0	-1.0	-1.0	-1.0	-1.0	-1.0	-1.0
2	-1.0	-1.0	-1.0	-1.0	-1.0	-1.0	-1.0	-1.0	0.0	0.0	0.0	0.0	0.0	0.0	0.0	0.0	0.0	0.0	0.0	0.0	0.0	0.0	0.0	0.0	0.0	0.0
3	-1.0	-1.0	-1.0	-1.0	-1.0	-1.0	-1.0	-1.0	1.0	1.0	1.0	1.0	1.0	1.0	1.0	1.0	1.0	1.0	1.0	1.0	1.0	1.0	1.0	1.0	1.0	1.0
4	-1.0	-1.0	0.0	0.0	0.0	0.0	0.0	0.0	-1.0	-1.0	-1.0	-1.0	-1.0	-1.0	0.0	1.0	0.0	1.0	0.0	1.0	0.0	1.0	0.0	1.0	0.0	1.0
5	-1.0	-1.0	0.0	0.0	0.0	0.0	0.0	0.0	0.0	0.0	0.0	0.0	0.0	0.0	1.0	-1.0	1.0	-1.0	1.0	-1.0	1.0	-1.0	1.0	-1.0	1.0	-1.0
6	-1.0	-1.0	0.0	0.0	0.0	0.0	0.0	0.0	1.0	1.0	1.0	1.0	1.0	1.0	-1.0	0.0	-1.0	0.0	-1.0	0.0	-1.0	0.0	-1.0	0.0	-1.0	0.0
7	-1.0	-1.0	1.0	1.0	1.0	1.0	1.0	1.0	-1.0	-1.0	-1.0	-1.0	-1.0	-1.0	1.0	0.0	1.0	0.0	1.0	0.0	1.0	0.0	1.0	0.0	1.0	0.0
8	-1.0	-1.0	1.0	1.0	1.0	1.0	1.0	1.0	0.0	0.0	0.0	0.0	0.0	0.0	-1.0	1.0	-1.0	1.0	-1.0	1.0	-1.0	1.0	-1.0	1.0	-1.0	1.0
9	-1.0	-1.0	1.0	1.0	1.0	1.0	1.0	1.0	1.0	1.0	1.0	1.0	1.0	1.0	0.0	-1.0	0.0	-1.0	0.0	-1.0	0.0	-1.0	0.0	-1.0	0.0	-1.0
10	-1.0	0.0	-1.0	-1.0	0.0	0.0	1.0	1.0	-1.0	-1.0	0.0	0.0	1.0	1.0	-1.0	-1.0	-1.0	-1.0	0.0	1.0	0.0	1.0	1.0	0.0	1.0	0.0
11	-1.0	0.0	-1.0	-1.0	0.0	0.0	1.0	1.0	0.0	0.0	1.0	1.0	-1.0	-1.0	0.0	0.0	0.0	0.0	1.0	-1.0	1.0	-1.0	-1.0	1.0	-1.0	1.0
12	-1.0	0.0	-1.0	-1.0	0.0	0.0	1.0	1.0	1.0	1.0	-1.0	-1.0	0.0	0.0	1.0	1.0	1.0	1.0	-1.0	0.0	-1.0	0.0	0.0	-1.0	0.0	-1.0
13	-1.0	0.0	0.0	0.0	1.0	1.0	-1.0	-1.0	-1.0	-1.0	0.0	0.0	1.0	1.0	0.0	1.0	0.0	1.0	1.0	0.0	1.0	0.0	-1.0	-1.0	-1.0	-1.0
14	-1.0	0.0	0.0	0.0	1.0	1.0	-1.0	-1.0	0.0	0.0	1.0	1.0	-1.0	-1.0	1.0	-1.0	1.0	-1.0	-1.0	1.0	-1.0	1.0	0.0	0.0	0.0	0.0
15	-1.0	0.0	0.0	0.0	1.0	1.0	-1.0	-1.0	1.0	1.0	-1.0	-1.0	0.0	0.0	-1.0	0.0	-1.0	0.0	0.0	-1.0	0.0	-1.0	1.0	1.0	1.0	1.0
16	-1.0	0.0	1.0	1.0	-1.0	-1.0	0.0	0.0	-1.0	-1.0	0.0	0.0	1.0	1.0	1.0	0.0	1.0	0.0	-1.0	-1.0	-1.0	-1.0	0.0	1.0	0.0	1.0
17	-1.0	0.0	1.0	1.0	-1.0	-1.0	0.0	0.0	0.0	0.0	1.0	1.0	-1.0	-1.0	-1.0	1.0	-1.0	1.0	0.0	0.0	0.0	0.0	1.0	-1.0	1.0	-1.0
18	-1.0	0.0	1.0	1.0	-1.0	-1.0	0.0	0.0	1.0	1.0	-1.0	-1.0	0.0	0.0	0.0	-1.0	0.0	-1.0	1.0	1.0	1.0	1.0	-1.0	0.0	-1.0	0.0
19	-1.0	1.0	-1.0	0.0	-1.0	1.0	0.0	1.0	-1.0	0.0	-1.0	1.0	0.0	1.0	-1.0	-1.0	0.0	1.0	-1.0	-1.0	1.0	0.0	0.0	1.0	1.0	0.0
20	-1.0	1.0	-1.0	0.0	-1.0	1.0	0.0	1.0	0.0	1.0	0.0	-1.0	1.0	-1.0	0.0	0.0	1.0	-1.0	0.0	0.0	-1.0	1.0	1.0	-1.0	-1.0	1.0
21	-1.0	1.0	-1.0	0.0	-1.0	1.0	0.0	1.0	1.0	-1.0	1.0	0.0	-1.0	0.0	1.0	1.0	-1.0	0.0	1.0	1.0	0.0	-1.0	-1.0	0.0	0.0	-1.0
22	-1.0	1.0	0.0	1.0	0.0	-1.0	1.0	-1.0	-1.0	0.0	-1.0	1.0	0.0	1.0	0.0	1.0	1.0	0.0	0.0	1.0	-1.0	-1.0	1.0	0.0	-1.0	-1.0
23	-1.0	1.0	0.0	1.0	0.0	-1.0	1.0	-1.0	0.0	1.0	0.0	-1.0	1.0	-1.0	1.0	-1.0	-1.0	1.0	1.0	-1.0	0.0	0.0	-1.0	1.0	0.0	0.0
24	-1.0	1.0	0.0	1.0	0.0	-1.0	1.0	-1.0	1.0	-1.0	1.0	0.0	-1.0	0.0	-1.0	0.0	0.0	-1.0	-1.0	0.0	1.0	1.0	0.0	-1.0	1.0	1.0
25	-1.0	1.0	1.0	-1.0	1.0	0.0	-1.0	0.0	-1.0	0.0	-1.0	1.0	0.0	1.0	1.0	0.0	-1.0	-1.0	1.0	0.0	0.0	1.0	-1.0	-1.0	0.0	1.0
26	-1.0	1.0	1.0	-1.0	1.0	0.0	-1.0	0.0	0.0	1.0	0.0	-1.0	1.0	-1.0	-1.0	1.0	0.0	0.0	-1.0	1.0	1.0	-1.0	0.0	0.0	1.0	-1.0
27	-1.0	1.0	1.0	-1.0	1.0	0.0	-1.0	0.0	1.0	-1.0	1.0	0.0	-1.0	0.0	0.0	-1.0	1.0	1.0	0.0	-1.0	-1.0	0.0	1.0	1.0	-1.0	0.0
28	1.0	-1.0	-1.0	1.0	1.0	0.0	0.0	-1.0	-1.0	1.0	1.0	0.0	0.0	-1.0	-1.0	-1.0	1.0	0.0	1.0	0.0	0.0	1.0	0.0	1.0	-1.0	-1.0
29	1.0	-1.0	-1.0	1.0	1.0	0.0	0.0	-1.0	0.0	-1.0	-1.0	1.0	1.0	0.0	0.0	0.0	-1.0	1.0	-1.0	1.0	1.0	-1.0	1.0	-1.0	0.0	0.0
30	1.0	-1.0	-1.0	1.0	1.0	0.0	0.0	-1.0	1.0	0.0	0.0	-1.0	-1.0	1.0	1.0	1.0	0.0	-1.0	0.0	-1.0	-1.0	0.0	-1.0	0.0	1.0	1.0
31	1.0	-1.0	0.0	-1.0	-1.0	1.0	1.0	0.0	-1.0	1.0	1.0	0.0	0.0	-1.0	0.0	1.0	-1.0	-1.0	-1.0	-1.0	1.0	0.0	1.0	0.0	0.0	1.0
32	1.0	-1.0	0.0	-1.0	-1.0	1.0	1.0	0.0	0.0	-1.0	-1.0	1.0	1.0	0.0	1.0	-1.0	0.0	0.0	0.0	0.0	-1.0	1.0	-1.0	1.0	1.0	-1.0
33	1.0	-1.0	0.0	-1.0	-1.0	1.0	1.0	0.0	1.0	0.0	0.0	-1.0	-1.0	1.0	-1.0	0.0	1.0	1.0	1.0	1.0	0.0	-1.0	0.0	-1.0	-1.0	0.0
34	1.0	-1.0	1.0	0.0	0.0	-1.0	-1.0	1.0	-1.0	1.0	1.0	0.0	0.0	-1.0	1.0	0.0	0.0	1.0	0.0	1.0	-1.0	-1.0	-1.0	-1.0	1.0	0.0
35	1.0	-1.0	1.0	0.0	0.0	-1.0	-1.0	1.0	0.0	-1.0	-1.0	1.0	1.0	0.0	-1.0	1.0	1.0	-1.0	1.0	-1.0	0.0	0.0	0.0	0.0	-1.0	1.0
36	1.0	-1.0	1.0	0.0	0.0	-1.0	-1.0	1.0	1.0	0.0	0.0	-1.0	-1.0	1.0	0.0	-1.0	-1.0	0.0	-1.0	0.0	1.0	1.0	1.0	1.0	0.0	-1.0
37	1.0	0.0	-1.0	0.0	1.0	-1.0	1.0	0.0	-1.0	0.0	1.0	-1.0	1.0	0.0	-1.0	-1.0	0.0	1.0	1.0	0.0	-1.0	-1.0	1.0	0.0	0.0	1.0
38	1.0	0.0	-1.0	0.0	1.0	-1.0	1.0	0.0	0.0	1.0	-1.0	0.0	-1.0	1.0	0.0	0.0	1.0	-1.0	-1.0	1.0	0.0	0.0	-1.0	1.0	1.0	-1.0
39	1.0	0.0	-1.0	0.0	1.0	-1.0	1.0	0.0	1.0	-1.0	0.0	1.0	0.0	-1.0	1.0	1.0	-1.0	0.0	0.0	-1.0	1.0	1.0	0.0	-1.0	-1.0	0.0
40	1.0	0.0	0.0	1.0	-1.0	0.0	-1.0	1.0	-1.0	0.0	1.0	-1.0	1.0	0.0	0.0	1.0	1.0	0.0	-1.0	-1.0	0.0	1.0	-1.0	-1.0	1.0	0.0
41	1.0	0.0	0.0	1.0	-1.0	0.0	-1.0	1.0	0.0	1.0	-1.0	0.0	-1.0	1.0	1.0	-1.0	-1.0	1.0	0.0	0.0	1.0	-1.0	0.0	0.0	-1.0	1.0
42	1.0	0.0	0.0	1.0	-1.0	0.0	-1.0	1.0	1.0	-1.0	0.0	1.0	0.0	-1.0	-1.0	0.0	0.0	-1.0	1.0	1.0	-1.0	0.0	1.0	1.0	0.0	-1.0
43	1.0	0.0	1.0	-1.0	0.0	1.0	0.0	-1.0	-1.0	0.0	1.0	-1.0	1.0	0.0	1.0	0.0	-1.0	-1.0	0.0	1.0	1.0	0.0	0.0	1.0	-1.0	-1.0
44	1.0	0.0	1.0	-1.0	0.0	1.0	0.0	-1.0	0.0	1.0	-1.0	0.0	-1.0	1.0	-1.0	1.0	0.0	0.0	1.0	-1.0	-1.0	1.0	1.0	-1.0	0.0	0.0
45	1.0	0.0	1.0	-1.0	0.0	1.0	0.0	-1.0	1.0	-1.0	0.0	1.0	0.0	-1.0	0.0	-1.0	1.0	1.0	-1.0	0.0	0.0	-1.0	-1.0	0.0	1.0	1.0
46	1.0	1.0	-1.0	1.0	0.0	1.0	-1.0	0.0	-1.0	1.0	0.0	1.0	-1.0	0.0	-1.0	-1.0	1.0	0.0	0.0	1.0	1.0	0.0	-1.0	-1.0	0.0	1.0
47	1.0	1.0	-1.0	1.0	0.0	1.0	-1.0	0.0	0.0	-1.0	1.0	-1.0	0.0	1.0	0.0	0.0	-1.0	1.0	1.0	-1.0	-1.0	1.0	0.0	0.0	1.0	-1.0
48	1.0	1.0	-1.0	1.0	0.0	1.0	-1.0	0.0	1.0	0.0	-1.0	0.0	1.0	-1.0	1.0	1.0	0.0	-1.0	-1.0	0.0	0.0	-1.0	1.0	1.0	-1.0	0.0
49	1.0	1.0	0.0	-1.0	1.0	-1.0	0.0	1.0	-1.0	1.0	0.0	1.0	-1.0	0.0	0.0	1.0	-1.0	-1.0	1.0	0.0	-1.0	-1.0	0.0	1.0	1.0	0.0
50	1.0	1.0	0.0	-1.0	1.0	-1.0	0.0	1.0	0.0	-1.0	1.0	-1.0	0.0	1.0	1.0	-1.0	0.0	0.0	-1.0	1.0	0.0	0.0	1.0	-1.0	-1.0	1.0
51	1.0	1.0	0.0	-1.0	1.0	-1.0	0.0	1.0	1.0	0.0	-1.0	0.0	1.0	-1.0	-1.0	0.0	1.0	1.0	0.0	-1.0	1.0	1.0	-1.0	0.0	0.0	-1.0
52	1.0	1.0	1.0	0.0	-1.0	0.0	1.0	-1.0	-1.0	1.0	0.0	1.0	-1.0	0.0	1.0	0.0	0.0	1.0	-1.0	-1.0	0.0	1.0	1.0	0.0	-1.0	-1.0
53	1.0	1.0	1.0	0.0	-1.0	0.0	1.0	-1.0	0.0	-1.0	1.0	-1.0	0.0	1.0	-1.0	1.0	1.0	-1.0	0.0	0.0	1.0	-1.0	-1.0	1.0	0.0	0.0
54	1.0	1.0	1.0	0.0	-1.0	0.0	1.0	-1.0	1.0	0.0	-1.0	0.0	1.0	-1.0	0.0	-1.0	-1.0	0.0	1.0	1.0	-1.0	0.0	0.0	-1.0	1.0	1.0

*3_LEVELS_L81

1	-1.0	-1.0	-1.0	-1.0	-1.0	-1.0	-1.0	-1.0	-1.0	-1.0	-1.0	-1.0	-1.0	-1.0	-1.0	-1.0	-1.0	-1.0	-1.0	-1.0	-1.0	-1.0	-1.0	-1.0	-1.0	-1.0	-1.0	-1.0	-1.0	-1.0	-1.0	-1.0	-1.0	-1.0	-1.0	-1.0	-1.0	-1.0	-1.0	-1.0
2	-1.0	-1.0	-1.0	-1.0	-1.0	-1.0	-1.0	-1.0	-1.0	-1.0	-1.0	-1.0	-1.0	0.0	0.0	0.0	0.0	0.0	0.0	0.0	0.0	0.0	0.0	0.0	0.0	0.0	0.0	0.0	0.0	0.0	0.0	0.0	0.0	0.0	0.0	0.0	0.0	0.0	0.0	0.0
3	-1.0	-1.0	-1.0	-1.0	-1.0	-1.0	-1.0	-1.0	-1.0	-1.0	-1.0	-1.0	-1.0	1.0	1.0	1.0	1.0	1.0	1.0	1.0	1.0	1.0	1.0	1.0	1.0	1.0	1.0	1.0	1.0	1.0	1.0	1.0	1.0	1.0	1.0	1.0	1.0	1.0	1.0	1.0
4	-1.0	-1.0	-1.0	-1.0	0.0	0.0	0.0	0.0	0.0	0.0	0.0	0.0	0.0	-1.0	-1.0	-1.0	-1.0	-1.0	-1.0	-1.0	-1.0	-1.0	0.0	0.0	0.0	0.0	0.0	0.0	0.0	0.0	0.0	1.0	1.0	1.0	1.0	1.0	1.0	1.0	1.0	1.0
5	-1.0	-1.0	-1.0	-1.0	0.0	0.0	0.0	0.0	0.0	0.0	0.0	0.0	0.0	0.0	0.0	0.0	0.0	0.0	0.0	0.0	0.0	0.0	1.0	1.0	1.0	1.0	1.0	1.0	1.0	1.0	1.0	-1.0	-1.0	-1.0	-1.0	-1.0	-1.0	-1.0	-1.0	-1.0
6	-1.0	-1.0	-1.0	-1.0	0.0	0.0	0.0	0.0	0.0	0.0	0.0	0.0	0.0	1.0	1.0	1.0	1.0	1.0	1.0	1.0	1.0	1.0	-1.0	-1.0	-1.0	-1.0	-1.0	-1.0	-1.0	-1.0	-1.0	0.0	0.0	0.0	0.0	0.0	0.0	0.0	0.0	0.0
7	-1.0	-1.0	-1.0	-1.0	1.0	1.0	1.0	1.0	1.0	1.0	1.0	1.0	1.0	-1.0	-1.0	-1.0	-1.0	-1.0	-1.0	-1.0	-1.0	-1.0	1.0	1.0	1.0	1.0	1.0	1.0	1.0	1.0	1.0	0.0	0.0	0.0	0.0	0.0	0.0	0.0	0.0	0.0
8	-1.0	-1.0	-1.0	-1.0	1.0	1.0	1.0	1.0	1.0	1.0	1.0	1.0	1.0	0.0	0.0	0.0	0.0	0.0	0.0	0.0	0.0	0.0	-1.0	-1.0	-1.0	-1.0	-1.0	-1.0	-1.0	-1.0	-1.0	1.0	1.0	1.0	1.0	1.0	1.0	1.0	1.0	1.0
9	-1.0	-1.0	-1.0	-1.0	1.0	1.0	1.0	1.0	1.0	1.0	1.0	1.0	1.0	1.0	1.0	1.0	1.0	1.0	1.0	1.0	1.0	1.0	0.0	0.0	0.0	0.0	0.0	0.0	0.0	0.0	0.0	-1.0	-1.0	-1.0	-1.0	-1.0	-1.0	-1.0	-1.0	-1.0
10	-1.0	0.0	0.0	0.0	-1.0	-1.0	-1.0	0.0	0.0	0.0	1.0	1.0	1.0	-1.0	-1.0	-1.0	0.0	0.0	0.0	1.0	1.0	1.0	-1.0	-1.0	-1.0	0.0	0.0	0.0	1.0	1.0	1.0	-1.0	-1.0	-1.0	0.0	0.0	0.0	1.0	1.0	1.0
11	-1.0	0.0	0.0	0.0	-1.0	-1.0	-1.0	0.0	0.0	0.0	1.0	1.0	1.0	0.0	0.0	0.0	1.0	1.0	1.0	-1.0	-1.0	-1.0	0.0	0.0	0.0	1.0	1.0	1.0	-1.0	-1.0	-1.0	0.0	0.0	0.0	1.0	1.0	1.0	-1.0	-1.0	-1.0
12	-1.0	0.0	0.0	0.0	-1.0	-1.0	-1.0	0.0	0.0	0.0	1.0	1.0	1.0	1.0	1.0	1.0	-1.0	-1.0	-1.0	0.0	0.0	0.0	1.0	1.0	1.0	-1.0	-1.0	-1.0	0.0	0.0	0.0	1.0	1.0	1.0	-1.0	-1.0	-1.0	0.0	0.0	0.0
13	-1.0	0.0	0.0	0.0	0.0	0.0	0.0	1.0	1.0	1.0	-1.0	-1.0	-1.0	-1.0	-1.0	-1.0	0.0	0.0	0.0	1.0	1.0	1.0	0.0	0.0	0.0	1.0	1.0	1.0	-1.0	-1.0	-1.0	1.0	1.0	1.0	-1.0	-1.0	-1.0	0.0	0.0	0.0
14	-1.0	0.0	0.0	0.0	0.0	0.0	0.0	1.0	1.0	1.0	-1.0	-1.0	-1.0	0.0	0.0	0.0	1.0	1.0	1.0	-1.0	-1.0	-1.0	1.0	1.0	1.0	-1.0	-1.0	-1.0	0.0	0.0	0.0	-1.0	-1.0	-1.0	0.0	0.0	0.0	1.0	1.0	1.0
15	-1.0	0.0	0.0	0.0	0.0	0.0	0.0	1.0	1.0	1.0	-1.0	-1.0	-1.0	1.0	1.0	1.0	-1.0	-1.0	-1.0	0.0	0.0	0.0	-1.0	-1.0	-1.0	0.0	0.0	0.0	1.0	1.0	1.0	0.0	0.0	0.0	1.0	1.0	1.0	-1.0	-1.0	-1.0
16	-1.0	0.0	0.0	0.0	1.0	1.0	1.0	-1.0	-1.0	-1.0	0.0	0.0	0.0	-1.0	-1.0	-1.0	0.0	0.0	0.0	1.0	1.0	1.0	1.0	1.0	1.0	-1.0	-1.0	-1.0	0.0	0.0	0.0	0.0	0.0	0.0	1.0	1.0	1.0	-1.0	-1.0	-1.0
17	-1.0	0.0	0.0	0.0	1.0	1.0	1.0	-1.0	-1.0	-1.0	0.0	0.0	0.0	0.0	0.0	0.0	1.0	1.0	1.0	-1.0	-1.0	-1.0	-1.0	-1.0	-1.0	0.0	0.0	0.0	1.0	1.0	1.0	1.0	1.0	1.0	-1.0	-1.0	-1.0	0.0	0.0	0.0
18	-1.0	0.0	0.0	0.0	1.0	1.0	1.0	-1.0	-1.0	-1.0	0.0	0.0	0.0	1.0	1.0	1.0	-1.0	-1.0	-1.0	0.0	0.0	0.0	0.0	0.0	0.0	1.0	1.0	1.0	-1.0	-1.0	-1.0	-1.0	-1.0	-1.0	0.0	0.0	0.0	1.0	1.0	1.0
19	-1.0	1.0	1.0	1.0	-1.0	-1.0	-1.0	1.0	1.0	1.0	0.0	0.0	0.0	-1.0	-1.0	-1.0	1.0	1.0	1.0	0.0	0.0	0.0	-1.0	-1.0	-1.0	1.0	1.0	1.0	0.0	0.0	0.0	-1.0	-1.0	-1.0	1.0	1.0	1.0	0.0	0.0	0.0
20	-1.0	1.0	1.0	1.0	-1.0	-1.0	-1.0	1.0	1.0	1.0	0.0	0.0	0.0	0.0	0.0	0.0	-1.0	-1.0	-1.0	1.0	1.0	1.0	0.0	0.0	0.0	-1.0	-1.0	-1.0	1.0	1.0	1.0	0.0	0.0	0.0	-1.0	-1.0	-1.0	1.0	1.0	1.0
21	-1.0	1.0	1.0	1.0	-1.0	-1.0	-1.0	1.0	1.0	1.0	0.0	0.0	0.0	1.0	1.0	1.0	0.0	0.0	0.0	-1.0	-1.0	-1.0	1.0	1.0	1.0	0.0	0.0	0.0	-1.0	-1.0	-1.0	1.0	1.0	1.0	0.0	0.0	0.0	-1.0	-1.0	-1.0
22	-1.0	1.0	1.0	1.0	0.0	0.0	0.0	-1.0	-1.0	-1.0	1.0	1.0	1.0	-1.0	-1.0	-1.0	1.0	1.0	1.0	0.0	0.0	0.0	0.0	0.0	0.0	-1.0	-1.0	-1.0	1.0	1.0	1.0	1.0	1.0	1.0	0.0	0.0	0.0	-1.0	-1.0	-1.0
23	-1.0	1.0	1.0	1.0	0.0	0.0	0.0	-1.0	-1.0	-1.0	1.0	1.0	1.0	0.0	0.0	0.0	-1.0	-1.0	-1.0	1.0	1.0	1.0	1.0	1.0	1.0	0.0	0.0	0.0	-1.0	-1.0	-1.0	-1.0	-1.0	-1.0	1.0	1.0	1.0	0.0	0.0	0.0
24	-1.0	1.0	1.0	1.0	0.0	0.0	0.0	-1.0	-1.0	-1.0	1.0	1.0	1.0	1.0	1.0	1.0	0.0	0.0	0.0	-1.0	-1.0	-1.0	-1.0	-1.0	-1.0	1.0	1.0	1.0	0.0	0.0	0.0	0.0	0.0	0.0	-1.0	-1.0	-1.0	1.0	1.0	1.0
25	-1.0	1.0	1.0	1.0	1.0	1.0	1.0	0.0	0.0	0.0	-1.0	-1.0	-1.0	-1.0	-1.0	-1.0	1.0	1.0	1.0	0.0	0.0	0.0	1.0	1.0	1.0	0.0	0.0	0.0	-1.0	-1.0	-1.0	0.0	0.0	0.0	-1.0	-1.0	-1.0	1.0	1.0	1.0
26	-1.0	1.0	1.0	1.0	1.0	1.0	1.0	0.0	0.0	0.0	-1.0	-1.0	-1.0	0.0	0.0	0.0	-1.0	-1.0	-1.0	1.0	1.0	1.0	-1.0	-1.0	-1.0	1.0	1.0	1.0	0.0	0.0	0.0	1.0	1.0	1.0	0.0	0.0	0.0	-1.0	-1.0	-1.0
27	-1.0	1.0	1.0	1.0	1.0	1.0	1.0	0.0	0.0	0.0	-1.0	-1.0	-1.0	1.0	1.0	1.0	0.0	0.0	0.0	-1.0	-1.0	-1.0	0.0	0.0	0.0	-1.0	-1.0	-1.0	1.0	1.0	1.0	-1.0	-1.0	-1.0	1.0	1.0	1.0	0.0	0.0	0.0
28	0.0	-1.0	0.0	1.0	-1.0	0.0	1.0	-1.0	0.0	1.0	-1.0	0.0	1.0	-1.0	0.0	1.0	-1.0	0.0	1.0	-1.0	0.0	1.0	-1.0	0.0	1.0	-1.0	0.0	1.0	-1.0	0.0	1.0	-1.0	0.0	1.0	-1.0	0.0	1.0	-1.0	0.0	1.0
29	0.0	-1.0	0.0	1.0	-1.0	0.0	1.0	-1.0	0.0	1.0	-1.0	0.0	1.0	0.0	1.0	-1.0	0.0	1.0	-1.0	0.0	1.0	-1.0	0.0	1.0	-1.0	0.0	1.0	-1.0	0.0	1.0	-1.0	0.0	1.0	-1.0	0.0	1.0	-1.0	0.0	1.0	-1.0
30	0.0	-1.0	0.0	1.0	-1.0	0.0	1.0	-1.0	0.0	1.0	-1.0	0.0	1.0	1.0	-1.0	0.0	1.0	-1.0	0.0	1.0	-1.0	0.0	1.0	-1.0	0.0	1.0	-1.0	0.0	1.0	-1.0	0.0	1.0	-1.0	0.0	1.0	-1.0	0.0	1.0	-1.0	0.0
31	0.0	-1.0	0.0	1.0	0.0	1.0	-1.0	0.0	1.0	-1.0	0.0	1.0	-1.0	-1.0	0.0	1.0	-1.0	0.0	1.0	-1.0	0.0	1.0	0.0	1.0	-1.0	0.0	1.0	-1.0	0.0	1.0	-1.0	1.0	-1.0	0.0	1.0	-1.0	0.0	1.0	-1.0	0.0
32	0.0	-1.0	0.0	1.0	0.0	1.0	-1.0	0.0	1.0	-1.0	0.0	1.0	-1.0	0.0	1.0	-1.0	0.0	1.0	-1.0	0.0	1.0	-1.0	1.0	-1.0	0.0	1.0	-1.0	0.0	1.0	-1.0	0.0	-1.0	0.0	1.0	-1.0	0.0	1.0	-1.0	0.0	1.0
33	0.0	-1.0	0.0	1.0	0.0	1.0	-1.0	0.0	1.0	-1.0	0.0	1.0	-1.0	1.0	-1.0	0.0	1.0	-1.0	0.0	1.0	-1.0	0.0	-1.0	0.0	1.0	-1.0	0.0	1.0	-1.0	0.0	1.0	0.0	1.0	-1.0	0.0	1.0	-1.0	0.0	1.0	-1.0
34	0.0	-1.0	0.0	1.0	1.0	-1.0	0.0	1.0	-1.0	0.0	1.0	-1.0	0.0	-1.0	0.0	1.0	-1.0	0.0	1.0	-1.0	0.0	1.0	1.0	-1.0	0.0	1.0	-1.0	0.0	1.0	-1.0	0.0	0.0	1.0	-1.0	0.0	1.0	-1.0	0.0	1.0	-1.0
35	0.0	-1.0	0.0	1.0	1.0	-1.0	0.0	1.0	-1.0	0.0	1.0	-1.0	0.0	0.0	1.0	-1.0	0.0	1.0	-1.0	0.0	1.0	-1.0	-1.0	0.0	1.0	-1.0	0.0	1.0	-1.0	0.0	1.0	1.0	-1.0	0.0	1.0	-1.0	0.0	1.0	-1.0	0.0
36	0.0	-1.0	0.0	1.0	1.0	-1.0	0.0	1.0	-1.0	0.0	1.0	-1.0	0.0	1.0	-1.0	0.0	1.0	-1.0	0.0	1.0	-1.0	0.0	0.0	1.0	-1.0	0.0	1.0	-1.0	0.0	1.0	-1.0	-1.0	0.0	1.0	-1.0	0.0	1.0	-1.0	0.0	1.0
37	0.0	0.0	1.0	-1.0	-1.0	0.0	1.0	0.0	1.0	-1.0	1.0	-1.0	0.0	-1.0	0.0	1.0	0.0	1.0	-1.0	1.0	-1.0	0.0	-1.0	0.0	1.0	0.0	1.0	-1.0	1.0	-1.0	0.0	-1.0	0.0	1.0	0.0	1.0	-1.0	1.0	-1.0	0.0
38	0.0	0.0	1.0	-1.0	-1.0	0.0	1.0	0.0	1.0	-1.0	1.0	-1.0	0.0	0.0	1.0	-1.0	1.0	-1.0	0.0	-1.0	0.0	1.0	0.0	1.0	-1.0	1.0	-1.0	0.0	-1.0	0.0	1.0	0.0	1.0	-1.0	1.0	-1.0	0.0	-1.0	0.0	1.0
39	0.0	0.0	1.0	-1.0	-1.0	0.0	1.0	0.0	1.0	-1.0	1.0	-1.0	0.0	1.0	-1.0	0.0	-1.0	0.0	1.0	0.0	1.0	-1.0	1.0	-1.0	0.0	-1.0	0.0	1.0	0.0	1.0	-1.0	1.0	-1.0	0.0	-1.0	0.0	1.0	0.0	1.0	-1.0
40	0.0	0.0	1.0	-1.0	0.0	1.0	-1.0	1.0	-1.0	0.0	-1.0	0.0	1.0	-1.0	0.0	1.0	0.0	1.0	-1.0	1.0	-1.0	0.0	0.0	1.0	-1.0	1.0	-1.0	0.0	-1.0	0.0	1.0	1.0	-1.0	0.0	-1.0	0.0	1.0	0.0	1.0	-1.0
41	0.0	0.0	1.0	-1.0	0.0	1.0	-1.0	1.0	-1.0	0.0	-1.0	0.0	1.0	0.0	1.0	-1.0	1.0	-1.0	0.0	-1.0	0.0	1.0	1.0	-1.0	0.0	-1.0	0.0	1.0	0.0	1.0	-1.0	-1.0	0.0	1.0	0.0	1.0	-1.0	1.0	-1.0	0.0
42	0.0	0.0	1.0	-1.0	0.0	1.0	-1.0	1.0	-1.0	0.0	-1.0	0.0	1.0	1.0	-1.0	0.0	-1.0	0.0	1.0	0.0	1.0	-1.0	-1.0	0.0	1.0	0.0	1.0	-1.0	1.0	-1.0	0.0	0.0	1.0	-1.0	1.0	-1.0	0.0	-1.0	0.0	1.0
43	0.0	0.0	1.0	-1.0	1.0	-1.0	0.0	-1.0	0.0	1.0	0.0	1.0	-1.0	-1.0	0.0	1.0	0.0	1.0	-1.0	1.0	-1.0	0.0	1.0	-1.0	0.0	-1.0	0.0	1.0	0.0	1.0	-1.0	0.0	1.0	-1.0	1.0	-1.0	0.0	-1.0	0.0	1.0
44	0.0	0.0	1.0	-1.0	1.0	-1.0	0.0	-1.0	0.0	1.0	0.0	1.0	-1.0	0.0	1.0	-1.0	1.0	-1.0	0.0	-1.0	0.0	1.0	-1.0	0.0	1.0	0.0	1.0	-1.0	1.0	-1.0	0.0	1.0	-1.0	0.0	-1.0	0.0	1.0	0.0	1.0	-1.0
45	0.0	0.0	1.0	-1.0	1.0	-1.0	0.0	-1.0	0.0	1.0	0.0	1.0	-1.0	1.0	-1.0	0.0	-1.0	0.0	1.0	0.0	1.0	-1.0	0.0	1.0	-1.0	1.0	-1.0	0.0	-1.0	0.0	1.0	-1.0	0.0	1.0	0.0	1.0	-1.0	1.0	-1.0	0.0
46	0.0	1.0	-1.0	0.0	-1.0	0.0	1.0	1.0	-1.0	0.0	0.0	1.0	-1.0	-1.0	0.0	1.0	1.0	-1.0	0.0	0.0	1.0	-1.0	-1.0	0.0	1.0	1.0	-1.0	0.0	0.0	1.0	-1.0	-1.0	0.0	1.0	1.0	-1.0	0.0	0.0	1.0	-1.0
47	0.0	1.0	-1.0	0.0	-1.0	0.0	1.0	1.0	-1.0	0.0	0.0	1.0	-1.0	0.0	1.0	-1.0	-1.0	0.0	1.0	1.0	-1.0	0.0	0.0	1.0	-1.0	-1.0	0.0	1.0	1.0	-1.0	0.0	0.0	1.0	-1.0	-1.0	0.0	1.0	1.0	-1.0	0.0
48	0.0	1.0	-1.0	0.0	-1.0	0.0	1.0	1.0	-1.0	0.0	0.0	1.0	-1.0	1.0	-1.0	0.0	0.0	1.0	-1.0	-1.0	0.0	1.0	1.0	-1.0	0.0	0.0	1.0	-1.0	-1.0	0.0	1.0	1.0	-1.0	0.0	0.0	1.0	-1.0	-1.0	0.0	1.0
49	0.0	1.0	-1.0	0.0	0.0	1.0	-1.0	-1.0	0.0	1.0	1.0	-1.0	0.0	-1.0	0.0	1.0	1.0	-1.0	0.0	0.0	1.0	-1.0	0.0	1.0	-1.0	-1.0	0.0	1.0	1.0	-1.0	0.0	1.0	-1.0	0.0	0.0	1.0	-1.0	-1.0	0.0	1.0
50	0.0	1.0	-1.0	0.0	0.0	1.0	-1.0	-1.0	0.0	1.0	1.0	-1.0	0.0	0.0	1.0	-1.0	-1.0	0.0	1.0	1.0	-1.0	0.0	1.0	-1.0	0.0	0.0	1.0	-1.0	-1.0	0.0	1.0	-1.0	0.0	1.0	1.0	-1.0	0.0	0.0	1.0	-1.0
51	0.0	1.0	-1.0	0.0	0.0	1.0	-1.0	-1.0	0.0	1.0	1.0	-1.0	0.0	1.0	-1.0	0.0	0.0	1.0	-1.0	-1.0	0.0	1.0	-1.0	0.0	1.0	1.0	-1.0	0.0	0.0	1.0	-1.0	0.0	1.0	-1.0	-1.0	0.0	1.0	1.0	-1.0	0.0
52	0.0	1.0	-1.0	0.0	1.0	-1.0	0.0	0.0	1.0	-1.0	-1.0	0.0	1.0	-1.0	0.0	1.0	1.0	-1.0	0.0	0.0	1.0	-1.0	1.0	-1.0	0.0	0.0	1.0	-1.0	-1.0	0.0	1.0	0.0	1.0	-1.0	-1.0	0.0	1.0	1.0	-1.0	0.0
53	0.0	1.0	-1.0	0.0	1.0	-1.0	0.0	0.0	1.0	-1.0	-1.0	0.0	1.0	0.0	1.0	-1.0	-1.0	0.0	1.0	1.0	-1.0	0.0	-1.0	0.0	1.0	1.0	-1.0	0.0	0.0	1.0	-1.0	1.0	-1.0	0.0	0.0	1.0	-1.0	-1.0	0.0	1.0
54	0.0	1.0	-1.0	0.0	1.0	-1.0	0.0	0.0	1.0	-1.0	-1.0	0.0	1.0	1.0	-1.0	0.0	0.0	1.0	-1.0	-1.0	0.0	1.0	0.0	1.0	-1.0	-1.0	0.0	1.0	1.0	-1.0	0.0	-1.0	0.0	1.0	1.0	-1.0	0.0	0.0	1.0	-1.0
55	1.0	-1.0	1.0	0.0	-1.0	1.0	0.0	-1.0	1.0	0.0	-1.0	1.0	0.0	-1.0	1.0	0.0	-1.0	1.0	0.0	-1.0	1.0	0.0	-1.0	1.0	0.0	-1.0	1.0	0.0	-1.0	1.0	0.0	-1.0	1.0	0.0	-1.0	1.0	0.0	-1.0	1.0	0.0
56	1.0	-1.0	1.0	0.0	-1.0	1.0	0.0	-1.0	1.0	0.0	-1.0	1.0	0.0	0.0	-1.0	1.0	0.0	-1.0	1.0	0.0	-1.0	1.0	0.0	-1.0	1.0	0.0	-1.0	1.0	0.0	-1.0	1.0	0.0	-1.0	1.0	0.0	-1.0	1.0	0.0	-1.0	1.0
57	1.0	-1.0	1.0	0.0	-1.0	1.0	0.0	-1.0	1.0	0.0	-1.0	1.0	0.0	1.0	0.0	-1.0	1.0	0.0	-1.0	1.0	0.0	-1.0	1.0	0.0	-1.0	1.0	0.0	-1.0	1.0	0.0	-1.0	1.0	0.0	-1.0	1.0	0.0	-1.0	1.0	0.0	-1.0
58	1.0	-1.0	1.0	0.0	0.0	-1.0	1.0	0.0	-1.0	1.0	0.0	-1.0	1.0	-1.0	1.0	0.0	-1.0	1.0	0.0	-1.0	1.0	0.0	0.0	-1.0	1.0	0.0	-1.0	1.0	0.0	-1.0	1.0	1.0	0.0	-1.0	1.0	0.0	-1.0	1.0	0.0	-1.0
59	1.0	-1.0	1.0	0.0	0.0	-1.0	1.0	0.0	-1.0	1.0	0.0	-1.0	1.0	0.0	-1.0	1.0	0.0	-1.0	1.0	0.0	-1.0	1.0	1.0	0.0	-1.0	1.0	0.0	-1.0	1.0	0.0	-1.0	-1.0	1.0	0.0	-1.0	1.0	0.0	-1.0	1.0	0.0
60	1.0	-1.0	1.0	0.0	0.0	-1.0	1.0	0.0	-1.0	1.0	0.0	-1.0	1.0	1.0	0.0	-1.0	1.0	0.0	-1.0	1.0	0.0	-1.0	-1.0	1.0	0.0	-1.0	1.0	0.0	-1.0	1.0	0.0	0.0	-1.0	1.0	0.0	-1.0	1.0	0.0	-1.0	1.0
61	1.0	-1.0	1.0	0.0	1.0	0.0	-1.0	1.0	0.0	-1.0	1.0	0.0	-1.0	-1.0	1.0	0.0	-1.0	1.0	0.0	-1.0	1.0	0.0	1.0	0.0	-1.0	1.0	0.0	-1.0	1.0	0.0	-1.0	0.0	-1.0	1.0	0.0	-1.0	1.0	0.0	-1.0	1.0
62	1.0	-1.0	1.0	0.0	1.0	0.0	-1.0	1.0	0.0	-1.0	1.0	0.0	-1.0	0.0	-1.0	1.0	0.0	-1.0	1.0	0.0	-1.0	1.0	-1.0	1.0	0.0	-1.0	1.0	0.0	-1.0	1.0	0.0	1.0	0.0	-1.0	1.0	0.0	-1.0	1.0	0.0	-1.0
63	1.0	-1.0	1.0	0.0	1.0	0.0	-1.0	1.0	0.0	-1.0	1.0	0.0	-1.0	1.0	0.0	-1.0	1.0	0.0	-1.0	1.0	0.0	-1.0	0.0	-1.0	1.0	0.0	-1.0	1.0	0.0	-1.0	1.0	-1.0	1.0	0.0	-1.0	1.0	0.0	-1.0	1.0	0.0
64	1.0	0.0	-1.0	1.0	-1.0	1.0	0.0	0.0	-1.0	1.0	1.0	0.0	-1.0	-1.0	1.0	0.0	0.0	-1.0	1.0	1.0	0.0	-1.0	-1.0	1.0	0.0	0.0	-1.0	1.0	1.0	0.0	-1.0	-1.0	1.0	0.0	0.0	-1.0	1.0	1.0	0.0	-1.0
65	1.0	0.0	-1.0	1.0	-1.0	1.0	0.0	0.0	-1.0	1.0	1.0	0.0	-1.0	0.0	-1.0	1.0	1.0	0.0	-1.0	-1.0	1.0	0.0	0.0	-1.0	1.0	1.0	0.0	-1.0	-1.0	1.0	0.0	0.0	-1.0	1.0	1.0	0.0	-1.0	-1.0	1.0	0.0
66	1.0	0.0	-1.0	1.0	-1.0	1.0	0.0	0.0	-1.0	1.0	1.0	0.0	-1.0	1.0	0.0	-1.0	-1.0	1.0	0.0	0.0	-1.0	1.0	1.0	0.0	-1.0	-1.0	1.0	0.0	0.0	-1.0	1.0	1.0	0.0	-1.0	-1.0	1.0	0.0	0.0	-1.0	1.0
67	1.0	0.0	-1.0	1.0	0.0	-1.0	1.0	1.0	0.0	-1.0	-1.0	1.0	0.0	-1.0	1.0	0.0	0.0	-1.0	1.0	1.0	0.0	-1.0	0.0	-1.0	1.0	1.0	0.0	-1.0	-1.0	1.0	0.0	1.0	0.0	-1.0	-1.0	1.0	0.0	0.0	-1.0	1.0
68	1.0	0.0	-1.0	1.0	0.0	-1.0	1.0	1.0	0.0	-1.0	-1.0	1.0	0.0	0.0	-1.0	1.0	1.0	0.0	-1.0	-1.0	1.0	0.0	1.0	0.0	-1.0	-1.0	1.0	0.0	0.0	-1.0	1.0	-1.0	1.0	0.0	0.0	-1.0	1.0	1.0	0.0	-1.0
69	1.0	0.0	-1.0	1.0	0.0	-1.0	1.0	1.0	0.0	-1.0	-1.0	1.0	0.0	1.0	0.0	-1.0	-1.0	1.0	0.0	0.0	-1.0	1.0	-1.0	1.0	0.0	0.0	-1.0	1.0	1.0	0.0	-1.0	0.0	-1.0	1.0	1.0	0.0	-1.0	-1.0	1.0	0.0
70	1.0	0.0	-1.0	1.0	1.0	0.0	-1.0	-1.0	1.0	0.0	0.0	-1.0	1.0	-1.0	1.0	0.0	0.0	-1.0	1.0	1.0	0.0	-1.0	1.0	0.0	-1.0	-1.0	1.0	0.0	0.0	-1.0	1.0	0.0	-1.0	1.0	1.0	0.0	-1.0	-1.0	1.0	0.0
71	1.0	0.0	-1.0	1.0	1.0	0.0	-1.0	-1.0	1.0	0.0	0.0	-1.0	1.0	0.0	-1.0	1.0	1.0	0.0	-1.0	-1.0	1.0	0.0	-1.0	1.0	0.0	0.0	-1.0	1.0	1.0	0.0	-1.0	1.0	0.0	-1.0	-1.0	1.0	0.0	0.0	-1.0	1.0
72	1.0	0.0	-1.0	1.0	1.0	0.0	-1.0	-1.0	1.0	0.0	0.0	-1.0	1.0	1.0	0.0	-1.0	-1.0	1.0	0.0	0.0	-1.0	1.0	0.0	-1.0	1.0	1.0	0.0	-1.0	-1.0	1.0	0.0	-1.0	1.0	0.0	0.0	-1.0	1.0	1.0	0.0	-1.0
73	1.0	1.0	0.0	-1.0	-1.0	1.0	0.0	1.0	0.0	-1.0	0.0	-1.0	1.0	-1.0	1.0	0.0	1.0	0.0	-1.0	0.0	-1.0	1.0	-1.0	1.0	0.0	1.0	0.0	-1.0	0.0	-1.0	1.0	-1.0	1.0	0.0	1.0	0.0	-1.0	0.0	-1.0	1.0
74	1.0	1.0	0.0	-1.0	-1.0	1.0	0.0	1.0	0.0	-1.0	0.0	-1.0	1.0	0.0	-1.0	1.0	-1.0	1.0	0.0	1.0	0.0	-1.0	0.0	-1.0	1.0	-1.0	1.0	0.0	1.0	0.0	-1.0	0.0	-1.0	1.0	-1.0	1.0	0.0	1.0	0.0	-1.0
75	1.0	1.0	0.0	-1.0	-1.0	1.0	0.0	1.0	0.0	-1.0	0.0	-1.0	1.0	1.0	0.0	-1.0	0.0	-1.0	1.0	-1.0	1.0	0.0	1.0	0.0	-1.0	0.0	-1.0	1.0	-1.0	1.0	0.0	1.0	0.0	-1.0	0.0	-1.0	1.0	-1.0	1.0	0.0
76	1.0	1.0	0.0	-1.0	0.0	-1.0	1.0	-1.0	1.0	0.0	1.0	0.0	-1.0	-1.0	1.0	0.0	1.0	0.0	-1.0	0.0	-1.0	1.0	0.0	-1.0	1.0	-1.0	1.0	0.0	1.0	0.0	-1.0	1.0	0.0	-1.0	0.0	-1.0	1.0	-1.0	1.0	0.0
77	1.0	1.0	0.0	-1.0	0.0	-1.0	1.0	-1.0	1.0	0.0	1.0	0.0	-1.0	0.0	-1.0	1.0	-1.0	1.0	0.0	1.0	0.0	-1.0	1.0	0.0	-1.0	0.0	-1.0	1.0	-1.0	1.0	0.0	-1.0	1.0	0.0	1.0	0.0	-1.0	0.0	-1.0	1.0
78	1.0	1.0	0.0	-1.0	0.0	-1.0	1.0	-1.0	1.0	0.0	1.0	0.0	-1.0	1.0	0.0	-1.0	0.0	-1.0	1.0	-1.0	1.0	0.0	-1.0	1.0	0.0	1.0	0.0	-1.0	0.0	-1.0	1.0	0.0	-1.0	1.0	-1.0	1.0	0.0	1.0	0.0	-1.0
79	1.0	1.0	0.0	-1.0	1.0	0.0	-1.0	0.0	-1.0	1.0	-1.0	1.0	0.0	-1.0	1.0	0.0	1.0	0.0	-1.0	0.0	-1.0	1.0	1.0	0.0	-1.0	0.0	-1.0	1.0	-1.0	1.0	0.0	0.0	-1.0	1.0	-1.0	1.0	0.0	1.0	0.0	-1.0
80	1.0	1.0	0.0	-1.0	1.0	0.0	-1.0	0.0	-1.0	1.0	-1.0	1.0	0.0	0.0	-1.0	1.0	-1.0	1.0	0.0	1.0	0.0	-1.0	-1.0	1.0	0.0	1.0	0.0	-1.0	0.0	-1.0	1.0	1.0	0.0	-1.0	0.0	-1.0	1.0	-1.0	1.0	0.0
81	1.0	1.0	0.0	-1.0	1.0	0.0	-1.0	0.0	-1.0	1.0	-1.0	1.0	0.0	1.0	0.0	-1.0	0.0	-1.0	1.0	-1.0	1.0	0.0	0.0	-1.0	1.0	-1.0	1.0	0.0	1.0	0.0	-1.0	-1.0	1.0	0.0	1.0	0.0	-1.0	0.0	-1.0	1.0




*4_LEVELS_L16

1	-1.0	-1.0	-1.0	-1.0	-1.0
2	-1.0	-0.5	-0.5	-0.5	-0.5
3	-1.0	0.5	0.5	0.5	0.5
4	-1.0	1.0	1.0	1.0	1.0
5	-0.5	-1.0	-0.5	0.5	1.0
6	-0.5	-0.5	-1.0	1.0	0.5
7	-0.5	0.5	1.0	-1.0	-0.5
8	-0.5	1.0	0.5	-0.5	-1.0
9	0.5	-1.0	0.5	1.0	-0.5
10	0.5	-0.5	1.0	0.5	-1.0
11	0.5	0.5	-1.0	-0.5	1.0
12	0.5	1.0	-0.5	-1.0	0.5
13	1.0	-1.0	1.0	-0.5	0.5
14	1.0	-0.5	0.5	-1.0	1.0
15	1.0	0.5	-0.5	1.0	-1.0
16	1.0	1.0	-1.0	0.5	-0.5

*4_LEVELS_L32

1	-1.0	-1.0	-1.0	-1.0	-1.0	-1.0	-1.0	-1.0	-1.0	-1.0
2	-1.0	-1.0	-0.5	-0.5	-0.5	-0.5	-0.5	-0.5	-0.5	-0.5
3	-1.0	-1.0	0.5	0.5	0.5	0.5	0.5	0.5	0.5	0.5
4	-1.0	-1.0	1.0	1.0	1.0	1.0	1.0	1.0	1.0	1.0
5	-1.0	-0.5	-1.0	-1.0	-0.5	-0.5	0.5	0.5	1.0	1.0
6	-1.0	-0.5	-0.5	-0.5	-1.0	-1.0	1.0	1.0	0.5	0.5
7	-1.0	-0.5	0.5	0.5	1.0	1.0	-1.0	-1.0	-0.5	-0.5
8	-1.0	-0.5	1.0	1.0	0.5	0.5	-0.5	-0.5	-1.0	-1.0
9	-1.0	0.5	-1.0	-0.5	0.5	1.0	-1.0	-0.5	0.5	1.0
10	-1.0	0.5	-0.5	-1.0	1.0	0.5	-0.5	-1.0	1.0	0.5
11	-1.0	0.5	0.5	1.0	-1.0	-0.5	0.5	1.0	-1.0	-0.5
12	-1.0	0.5	1.0	0.5	-0.5	-1.0	1.0	0.5	-0.5	-1.0
13	-1.0	1.0	-1.0	-0.5	1.0	0.5	0.5	1.0	-0.5	-1.0
14	-1.0	1.0	-0.5	-1.0	0.5	1.0	1.0	0.5	-1.0	-0.5
15	-1.0	1.0	0.5	1.0	-0.5	-1.0	-1.0	-0.5	1.0	0.5
16	-1.0	1.0	1.0	0.5	-1.0	-0.5	-0.5	-1.0	0.5	1.0
17	1.0	-1.0	-1.0	1.0	-1.0	1.0	-0.5	0.5	-0.5	0.5
18	1.0	-1.0	-0.5	0.5	-0.5	0.5	-1.0	1.0	-1.0	1.0
19	1.0	-1.0	0.5	-0.5	0.5	-0.5	1.0	-1.0	1.0	-1.0
20	1.0	-1.0	1.0	-1.0	1.0	-1.0	0.5	-0.5	0.5	-0.5
21	1.0	-0.5	-1.0	1.0	-0.5	0.5	1.0	-1.0	0.5	-0.5
22	1.0	-0.5	-0.5	0.5	-1.0	1.0	0.5	-0.5	1.0	-1.0
23	1.0	-0.5	0.5	-0.5	1.0	-1.0	-0.5	0.5	-1.0	1.0
24	1.0	-0.5	1.0	-1.0	0.5	-0.5	-1.0	1.0	-0.5	0.5
25	1.0	0.5	-1.0	0.5	0.5	-1.0	-0.5	1.0	1.0	-0.5
26	1.0	0.5	-0.5	1.0	1.0	-0.5	-1.0	0.5	0.5	-1.0
27	1.0	0.5	0.5	-1.0	-1.0	0.5	1.0	-0.5	-0.5	1.0
28	1.0	0.5	1.0	-0.5	-0.5	1.0	0.5	-1.0	-1.0	0.5
29	1.0	1.0	-1.0	0.5	1.0	-0.5	1.0	-0.5	-1.0	0.5
30	1.0	1.0	-0.5	1.0	0.5	-1.0	0.5	-1.0	-0.5	1.0
31	1.0	1.0	0.5	-1.0	-0.5	1.0	-0.5	1.0	0.5	-1.0
32	1.0	1.0	1.0	-0.5	-1.0	0.5	-1.0	0.5	1.0	-0.5

*4_LEVELS_L64

1	-1.0	-1.0	-1.0	-1.0	-1.0	-1.0	-1.0	-1.0	-1.0	-1.0	-1.0	-1.0	-1.0	-1.0	-1.0	-1.0	-1.0	-1.0	-1.0	-1.0	-1.0
2	-1.0	-1.0	-1.0	-1.0	-1.0	-0.5	-0.5	-0.5	-0.5	-0.5	-0.5	-0.5	-0.5	-0.5	-0.5	-0.5	-0.5	-0.5	-0.5	-0.5	-0.5
3	-1.0	-1.0	-1.0	-1.0	-1.0	0.5	0.5	0.5	0.5	0.5	0.5	0.5	0.5	0.5	0.5	0.5	0.5	0.5	0.5	0.5	0.5
4	-1.0	-1.0	-1.0	-1.0	-1.0	1.0	1.0	1.0	1.0	1.0	1.0	1.0	1.0	1.0	1.0	1.0	1.0	1.0	1.0	1.0	1.0
5	-1.0	-0.5	-0.5	-0.5	-0.5	-1.0	-1.0	-1.0	-1.0	-0.5	-0.5	-0.5	-0.5	0.5	0.5	0.5	0.5	1.0	1.0	1.0	1.0
6	-1.0	-0.5	-0.5	-0.5	-0.5	-0.5	-0.5	-0.5	-0.5	-1.0	-1.0	-1.0	-1.0	1.0	1.0	1.0	1.0	0.5	0.5	0.5	0.5
7	-1.0	-0.5	-0.5	-0.5	-0.5	0.5	0.5	0.5	0.5	1.0	1.0	1.0	1.0	-1.0	-1.0	-1.0	-1.0	-0.5	-0.5	-0.5	-0.5
8	-1.0	-0.5	-0.5	-0.5	-0.5	1.0	1.0	1.0	1.0	0.5	0.5	0.5	0.5	-0.5	-0.5	-0.5	-0.5	-1.0	-1.0	-1.0	-1.0
9	-1.0	0.5	0.5	0.5	0.5	-1.0	-1.0	-1.0	-1.0	0.5	0.5	0.5	0.5	1.0	1.0	1.0	1.0	-0.5	-0.5	-0.5	-0.5
10	-1.0	0.5	0.5	0.5	0.5	-0.5	-0.5	-0.5	-0.5	1.0	1.0	1.0	1.0	0.5	0.5	0.5	0.5	-1.0	-1.0	-1.0	-1.0
11	-1.0	0.5	0.5	0.5	0.5	0.5	0.5	0.5	0.5	-1.0	-1.0	-1.0	-1.0	-0.5	-0.5	-0.5	-0.5	1.0	1.0	1.0	1.0
12	-1.0	0.5	0.5	0.5	0.5	1.0	1.0	1.0	1.0	-0.5	-0.5	-0.5	-0.5	-1.0	-1.0	-1.0	-1.0	0.5	0.5	0.5	0.5
13	-1.0	1.0	1.0	1.0	1.0	-1.0	-1.0	-1.0	-1.0	1.0	1.0	1.0	1.0	-0.5	-0.5	-0.5	-0.5	0.5	0.5	0.5	0.5
14	-1.0	1.0	1.0	1.0	1.0	-0.5	-0.5	-0.5	-0.5	0.5	0.5	0.5	0.5	-1.0	-1.0	-1.0	-1.0	1.0	1.0	1.0	1.0
15	-1.0	1.0	1.0	1.0	1.0	0.5	0.5	0.5	0.5	-0.5	-0.5	-0.5	-0.5	1.0	1.0	1.0	1.0	-1.0	-1.0	-1.0	-1.0
16	-1.0	1.0	1.0	1.0	1.0	1.0	1.0	1.0	1.0	-1.0	-1.0	-1.0	-1.0	0.5	0.5	0.5	0.5	-0.5	-0.5	-0.5	-0.5
17	-0.5	-1.0	-0.5	0.5	1.0	-1.0	-0.5	0.5	1.0	-1.0	-0.5	0.5	1.0	-1.0	-0.5	0.5	1.0	-1.0	-0.5	0.5	1.0
18	-0.5	-1.0	-0.5	0.5	1.0	-0.5	-1.0	1.0	0.5	-0.5	-1.0	1.0	0.5	-0.5	-1.0	1.0	0.5	-0.5	-1.0	1.0	0.5
19	-0.5	-1.0	-0.5	0.5	1.0	0.5	1.0	-1.0	-0.5	0.5	1.0	-1.0	-0.5	0.5	1.0	-1.0	-0.5	0.5	1.0	-1.0	-0.5
20	-0.5	-1.0	-0.5	0.5	1.0	1.0	0.5	-0.5	-1.0	1.0	0.5	-0.5	-1.0	1.0	0.5	-0.5	-1.0	1.0	0.5	-0.5	-1.0
21	-0.5	-0.5	-1.0	1.0	0.5	-1.0	-0.5	0.5	1.0	-0.5	-1.0	1.0	0.5	0.5	1.0	-1.0	-0.5	1.0	0.5	-0.5	-1.0
22	-0.5	-0.5	-1.0	1.0	0.5	-0.5	-1.0	1.0	0.5	-1.0	-0.5	0.5	1.0	1.0	0.5	-0.5	-1.0	0.5	1.0	-1.0	-0.5
23	-0.5	-0.5	-1.0	1.0	0.5	0.5	1.0	-1.0	-0.5	1.0	0.5	-0.5	-1.0	-1.0	-0.5	0.5	1.0	-0.5	-1.0	1.0	0.5
24	-0.5	-0.5	-1.0	1.0	0.5	1.0	0.5	-0.5	-1.0	0.5	1.0	-1.0	-0.5	-0.5	-1.0	1.0	0.5	-1.0	-0.5	0.5	1.0
25	-0.5	0.5	1.0	-1.0	-0.5	-1.0	-0.5	0.5	1.0	0.5	1.0	-1.0	-0.5	1.0	0.5	-0.5	-1.0	-0.5	-1.0	1.0	0.5
26	-0.5	0.5	1.0	-1.0	-0.5	-0.5	-1.0	1.0	0.5	1.0	0.5	-0.5	-1.0	0.5	1.0	-1.0	-0.5	-1.0	-0.5	0.5	1.0
27	-0.5	0.5	1.0	-1.0	-0.5	0.5	1.0	-1.0	-0.5	-1.0	-0.5	0.5	1.0	-0.5	-1.0	1.0	0.5	1.0	0.5	-0.5	-1.0
28	-0.5	0.5	1.0	-1.0	-0.5	1.0	0.5	-0.5	-1.0	-0.5	-1.0	1.0	0.5	-1.0	-0.5	0.5	1.0	0.5	1.0	-1.0	-0.5
29	-0.5	1.0	0.5	-0.5	-1.0	-1.0	-0.5	0.5	1.0	1.0	0.5	-0.5	-1.0	-0.5	-1.0	1.0	0.5	0.5	1.0	-1.0	-0.5
30	-0.5	1.0	0.5	-0.5	-1.0	-0.5	-1.0	1.0	0.5	0.5	1.0	-1.0	-0.5	-1.0	-0.5	0.5	1.0	1.0	0.5	-0.5	-1.0
31	-0.5	1.0	0.5	-0.5	-1.0	0.5	1.0	-1.0	-0.5	-0.5	-1.0	1.0	0.5	1.0	0.5	-0.5	-1.0	-1.0	-0.5	0.5	1.0
32	-0.5	1.0	0.5	-0.5	-1.0	1.0	0.5	-0.5	-1.0	-1.0	-0.5	0.5	1.0	0.5	1.0	-1.0	-0.5	-0.5	-1.0	1.0	0.5
33	0.5	-1.0	0.5	1.0	-0.5	-1.0	0.5	1.0	-0.5	-1.0	0.5	1.0	-0.5	-1.0	0.5	1.0	-0.5	-1.0	0.5	1.0	-0.5
34	0.5	-1.0	0.5	1.0	-0.5	-0.5	1.0	0.5	-1.0	-0.5	1.0	0.5	-1.0	-0.5	1.0	0.5	-1.0	-0.5	1.0	0.5	-1.0
35	0.5	-1.0	0.5	1.0	-0.5	0.5	-1.0	-0.5	1.0	0.5	-1.0	-0.5	1.0	0.5	-1.0	-0.5	1.0	0.5	-1.0	-0.5	1.0
36	0.5	-1.0	0.5	1.0	-0.5	1.0	-0.5	-1.0	0.5	1.0	-0.5	-1.0	0.5	1.0	-0.5	-1.0	0.5	1.0	-0.5	-1.0	0.5
37	0.5	-0.5	1.0	0.5	-1.0	-1.0	0.5	1.0	-0.5	-0.5	1.0	0.5	-1.0	0.5	-1.0	-0.5	1.0	1.0	-0.5	-1.0	0.5
38	0.5	-0.5	1.0	0.5	-1.0	-0.5	1.0	0.5	-1.0	-1.0	0.5	1.0	-0.5	1.0	-0.5	-1.0	0.5	0.5	-1.0	-0.5	1.0
39	0.5	-0.5	1.0	0.5	-1.0	0.5	-1.0	-0.5	1.0	1.0	-0.5	-1.0	0.5	-1.0	0.5	1.0	-0.5	-0.5	1.0	0.5	-1.0
40	0.5	-0.5	1.0	0.5	-1.0	1.0	-0.5	-1.0	0.5	0.5	-1.0	-0.5	1.0	-0.5	1.0	0.5	-1.0	-1.0	0.5	1.0	-0.5
41	0.5	0.5	-1.0	-0.5	1.0	-1.0	0.5	1.0	-0.5	0.5	-1.0	-0.5	1.0	1.0	-0.5	-1.0	0.5	-0.5	1.0	0.5	-1.0
42	0.5	0.5	-1.0	-0.5	1.0	-0.5	1.0	0.5	-1.0	1.0	-0.5	-1.0	0.5	0.5	-1.0	-0.5	1.0	-1.0	0.5	1.0	-0.5
43	0.5	0.5	-1.0	-0.5	1.0	0.5	-1.0	-0.5	1.0	-1.0	0.5	1.0	-0.5	-0.5	1.0	0.5	-1.0	1.0	-0.5	-1.0	0.5
44	0.5	0.5	-1.0	-0.5	1.0	1.0	-0.5	-1.0	0.5	-0.5	1.0	0.5	-1.0	-1.0	0.5	1.0	-0.5	0.5	-1.0	-0.5	1.0
45	0.5	1.0	-0.5	-1.0	0.5	-1.0	0.5	1.0	-0.5	1.0	-0.5	-1.0	0.5	-0.5	1.0	0.5	-1.0	0.5	-1.0	-0.5	1.0
46	0.5	1.0	-0.5	-1.0	0.5	-0.5	1.0	0.5	-1.0	0.5	-1.0	-0.5	1.0	-1.0	0.5	1.0	-0.5	1.0	-0.5	-1.0	0.5
47	0.5	1.0	-0.5	-1.0	0.5	0.5	-1.0	-0.5	1.0	-0.5	1.0	0.5	-1.0	1.0	-0.5	-1.0	0.5	-1.0	0.5	1.0	-0.5
48	0.5	1.0	-0.5	-1.0	0.5	1.0	-0.5	-1.0	0.5	-1.0	0.5	1.0	-0.5	0.5	-1.0	-0.5	1.0	-0.5	1.0	0.5	-1.0
49	1.0	-1.0	1.0	-0.5	0.5	-1.0	1.0	-0.5	0.5	-1.0	1.0	-0.5	0.5	-1.0	1.0	-0.5	0.5	-1.0	1.0	-0.5	0.5
50	1.0	-1.0	1.0	-0.5	0.5	-0.5	0.5	-1.0	1.0	-0.5	0.5	-1.0	1.0	-0.5	0.5	-1.0	1.0	-0.5	0.5	-1.0	1.0
51	1.0	-1.0	1.0	-0.5	0.5	0.5	-0.5	1.0	-1.0	0.5	-0.5	1.0	-1.0	0.5	-0.5	1.0	-1.0	0.5	-0.5	1.0	-1.0
52	1.0	-1.0	1.0	-0.5	0.5	1.0	-1.0	0.5	-0.5	1.0	-1.0	0.5	-0.5	1.0	-1.0	0.5	-0.5	1.0	-1.0	0.5	-0.5
53	1.0	-0.5	0.5	-1.0	1.0	-1.0	1.0	-0.5	0.5	-0.5	0.5	-1.0	1.0	0.5	-0.5	1.0	-1.0	1.0	-1.0	0.5	-0.5
54	1.0	-0.5	0.5	-1.0	1.0	-0.5	0.5	-1.0	1.0	-1.0	1.0	-0.5	0.5	1.0	-1.0	0.5	-0.5	0.5	-0.5	1.0	-1.0
55	1.0	-0.5	0.5	-1.0	1.0	0.5	-0.5	1.0	-1.0	1.0	-1.0	0.5	-0.5	-1.0	1.0	-0.5	0.5	-0.5	0.5	-1.0	1.0
56	1.0	-0.5	0.5	-1.0	1.0	1.0	-1.0	0.5	-0.5	0.5	-0.5	1.0	-1.0	-0.5	0.5	-1.0	1.0	-1.0	1.0	-0.5	0.5
57	1.0	0.5	-0.5	1.0	-1.0	-1.0	1.0	-0.5	0.5	0.5	-0.5	1.0	-1.0	1.0	-1.0	0.5	-0.5	-0.5	0.5	-1.0	1.0
58	1.0	0.5	-0.5	1.0	-1.0	-0.5	0.5	-1.0	1.0	1.0	-1.0	0.5	-0.5	0.5	-0.5	1.0	-1.0	-1.0	1.0	-0.5	0.5
59	1.0	0.5	-0.5	1.0	-1.0	0.5	-0.5	1.0	-1.0	-1.0	1.0	-0.5	0.5	-0.5	0.5	-1.0	1.0	1.0	-1.0	0.5	-0.5
60	1.0	0.5	-0.5	1.0	-1.0	1.0	-1.0	0.5	-0.5	-0.5	0.5	-1.0	1.0	-1.0	1.0	-0.5	0.5	0.5	-0.5	1.0	-1.0
61	1.0	1.0	-1.0	0.5	-0.5	-1.0	1.0	-0.5	0.5	1.0	-1.0	0.5	-0.5	-0.5	0.5	-1.0	1.0	0.5	-0.5	1.0	-1.0
62	1.0	1.0	-1.0	0.5	-0.5	-0.5	0.5	-1.0	1.0	0.5	-0.5	1.0	-1.0	-1.0	1.0	-0.5	0.5	1.0	-1.0	0.5	-0.5
63	1.0	1.0	-1.0	0.5	-0.5	0.5	-0.5	1.0	-1.0	-0.5	0.5	-1.0	1.0	1.0	-1.0	0.5	-0.5	-1.0	1.0	-0.5	0.5
64	1.0	1.0	-1.0	0.5	-0.5	1.0	-1.0	0.5	-0.5	-1.0	1.0	-0.5	0.5	0.5	-0.5	1.0	-1.0	-0.5	0.5	-1.0	1.0




*5_LEVELS_L25

1	-1.0	-1.0	-1.0	-1.0	-1.0	-1.0
2	-1.0	-0.5	-0.5	-0.5	-0.5	-0.5
3	-1.0	0.0	0.0	0.0	0.0	0.0
4	-1.0	0.5	0.5	0.5	0.5	0.5
5	-1.0	1.0	1.0	1.0	1.0	1.0
6	-0.5	-1.0	-0.5	0.0	0.5	1.0
7	-0.5	-0.5	0.0	0.5	1.0	-1.0
8	-0.5	0.0	0.5	1.0	-1.0	-0.5
9	-0.5	0.5	1.0	-1.0	-0.5	0.0
10	-0.5	1.0	-1.0	-0.5	0.0	0.5
11	0.0	-1.0	0.0	1.0	-0.5	0.5
12	0.0	-0.5	0.5	-1.0	0.0	1.0
13	0.0	0.0	1.0	-0.5	0.5	-1.0
14	0.0	0.5	-1.0	0.0	1.0	-0.5
15	0.0	1.0	-0.5	0.5	-1.0	0.0
16	0.5	-1.0	0.5	-0.5	1.0	0.0
17	0.5	-0.5	1.0	0.0	-1.0	0.5
18	0.5	0.0	-1.0	0.5	-0.5	1.0
19	0.5	0.5	-0.5	1.0	0.0	-1.0
20	0.5	1.0	0.0	-1.0	0.5	-0.5
21	1.0	-1.0	1.0	0.5	0.0	-0.5
22	1.0	-0.5	-1.0	1.0	0.5	0.0
23	1.0	0.0	-0.5	-1.0	1.0	0.5
24	1.0	0.5	0.0	-0.5	-1.0	1.0
25	1.0	1.0	0.5	0.0	-0.5	-1.0

*5_LEVELS_L50

1	-1.0	-1.0	-1.0	-1.0	-1.0	-1.0	-1.0	-1.0	-1.0	-1.0	-1.0	-1.0
2	-1.0	-1.0	-0.5	-0.5	-0.5	-0.5	-0.5	-0.5	-0.5	-0.5	-0.5	-0.5
3	-1.0	-1.0	0.0	0.0	0.0	0.0	0.0	0.0	0.0	0.0	0.0	0.0
4	-1.0	-1.0	0.5	0.5	0.5	0.5	0.5	0.5	0.5	0.5	0.5	0.5
5	-1.0	-1.0	1.0	1.0	1.0	1.0	1.0	1.0	1.0	1.0	1.0	1.0
6	-1.0	-0.5	-1.0	-0.5	0.0	0.5	1.0	-1.0	-0.5	0.0	0.5	1.0
7	-1.0	-0.5	-0.5	0.0	0.5	1.0	-1.0	-0.5	0.0	0.5	1.0	-1.0
8	-1.0	-0.5	0.0	0.5	1.0	-1.0	-0.5	0.0	0.5	1.0	-1.0	-0.5
9	-1.0	-0.5	0.5	1.0	-1.0	-0.5	0.0	0.5	1.0	-1.0	-0.5	0.0
10	-1.0	-0.5	1.0	-1.0	-0.5	0.0	0.5	1.0	-1.0	-0.5	0.0	0.5
11	-1.0	0.0	-1.0	0.0	1.0	-0.5	0.5	0.5	-1.0	0.0	1.0	-0.5
12	-1.0	0.0	-0.5	0.5	-1.0	0.0	1.0	1.0	-0.5	0.5	-1.0	0.0
13	-1.0	0.0	0.0	1.0	-0.5	0.5	-1.0	-1.0	0.0	1.0	-0.5	0.5
14	-1.0	0.0	0.5	-1.0	0.0	1.0	-0.5	-0.5	0.5	-1.0	0.0	1.0
15	-1.0	0.0	1.0	-0.5	0.5	-1.0	0.0	0.0	1.0	-0.5	0.5	-1.0
16	-1.0	0.5	-1.0	0.5	-0.5	1.0	0.0	1.0	0.0	-1.0	0.5	-0.5
17	-1.0	0.5	-0.5	1.0	0.0	-1.0	0.5	-1.0	0.5	-0.5	1.0	0.0
18	-1.0	0.5	0.0	-1.0	0.5	-0.5	1.0	-0.5	1.0	0.0	-1.0	0.5
19	-1.0	0.5	0.5	-0.5	1.0	0.0	-1.0	0.0	-1.0	0.5	-0.5	1.0
20	-1.0	0.5	1.0	0.0	-1.0	0.5	-0.5	0.5	-0.5	1.0	0.0	-1.0
21	-1.0	1.0	-1.0	1.0	0.5	0.0	-0.5	0.5	0.0	-0.5	-1.0	1.0
22	-1.0	1.0	-0.5	-1.0	1.0	0.5	0.0	1.0	0.5	0.0	-0.5	-1.0
23	-1.0	1.0	0.0	-0.5	-1.0	1.0	0.5	-1.0	1.0	0.5	0.0	-0.5
24	-1.0	1.0	0.5	0.0	-0.5	-1.0	1.0	-0.5	-1.0	1.0	0.5	0.0
25	-1.0	1.0	1.0	0.5	0.0	-0.5	-1.0	0.0	-0.5	-1.0	1.0	0.5
26	1.0	-1.0	-1.0	-1.0	0.5	1.0	0.5	0.0	-0.5	1.0	-0.5	0.0
27	1.0	-1.0	-0.5	-0.5	1.0	-1.0	1.0	0.5	0.0	-1.0	0.0	0.5
28	1.0	-1.0	0.0	0.0	-1.0	-0.5	-1.0	1.0	0.5	-0.5	0.5	1.0
29	1.0	-1.0	0.5	0.5	-0.5	0.0	-0.5	-1.0	1.0	0.0	1.0	-1.0
30	1.0	-1.0	1.0	1.0	0.0	0.5	0.0	-0.5	-1.0	0.5	-1.0	-0.5
31	1.0	-0.5	-1.0	-0.5	-1.0	0.0	0.0	-0.5	0.5	1.0	1.0	0.5
32	1.0	-0.5	-0.5	0.0	-0.5	0.5	0.5	0.0	1.0	-1.0	-1.0	1.0
33	1.0	-0.5	0.0	0.5	0.0	1.0	1.0	0.5	-1.0	-0.5	-0.5	-1.0
34	1.0	-0.5	0.5	1.0	0.5	-1.0	-1.0	1.0	-0.5	0.0	0.0	-0.5
35	1.0	-0.5	1.0	-1.0	1.0	-0.5	-0.5	-1.0	0.0	0.5	0.5	0.0
36	1.0	0.0	-1.0	0.0	0.0	-1.0	-0.5	1.0	1.0	0.5	-0.5	0.5
37	1.0	0.0	-0.5	0.5	0.5	-0.5	0.0	-1.0	-1.0	1.0	0.0	1.0
38	1.0	0.0	0.0	1.0	1.0	0.0	0.5	-0.5	-0.5	-1.0	0.5	-1.0
39	1.0	0.0	0.5	-1.0	-1.0	0.5	1.0	0.0	0.0	-0.5	1.0	-0.5
40	1.0	0.0	1.0	-0.5	-0.5	1.0	-1.0	0.5	0.5	0.0	-1.0	0.0
41	1.0	0.5	-1.0	0.5	1.0	0.5	-1.0	-0.5	1.0	-0.5	0.0	0.0
42	1.0	0.5	-0.5	1.0	-1.0	1.0	-0.5	0.0	-1.0	0.0	0.5	0.5
43	1.0	0.5	0.0	-1.0	-0.5	-1.0	0.0	0.5	-0.5	0.5	1.0	1.0
44	1.0	0.5	0.5	-0.5	0.0	-0.5	0.5	1.0	0.0	1.0	-1.0	-1.0
45	1.0	0.5	1.0	0.0	0.5	0.0	1.0	-1.0	0.5	-1.0	-0.5	-0.5
46	1.0	1.0	-1.0	1.0	-0.5	-0.5	1.0	0.0	0.5	0.5	0.0	-1.0
47	1.0	1.0	-0.5	-1.0	0.0	0.0	-1.0	0.5	1.0	1.0	0.5	-0.5
48	1.0	1.0	0.0	-0.5	0.5	0.5	-0.5	1.0	-1.0	-1.0	1.0	0.0
49	1.0	1.0	0.5	0.0	1.0	1.0	0.0	-1.0	-0.5	-0.5	-1.0	0.5
50	1.0	1.0	1.0	0.5	-1.0	-1.0	0.5	-0.5	0.0	0.0	-0.5	1.0
